created_at,id,retweeted_status.created_at,retweeted_status.id,retweeted_status.retweet_count,retweeted_status.user.followers_count,retweeted_status.user.friends_count,retweeted_status.user.id,retweeted_status.user.screen_name,text,user.followers_count,user.friends_count,user.id,user.screen_name
Tue Nov 08 17:22:15 +0000 2016,796040147234148353,,,,,,,,"WARNING:  PA ""Machine Malfunctions"" - if you vote STRAIGHT REP, it votes ALL DEM (why is it never the other way aro… https://t.co/mLFPE323Y2",93095,60516,710990834972233728,Always_Trump
Tue Nov 08 17:22:27 +0000 2016,796040195762167808,Tue Nov 08 17:22:15 +0000 2016,796040147234148353,2,93095,60516,710990834972233728,Always_Trump,"RT @Always_Trump: WARNING:  PA ""Machine Malfunctions"" - if you vote STRAIGHT REP, it votes ALL DEM (why is it never the other way aro… ",75,172,2574395512,bsbb2u
Tue Nov 08 17:22:35 +0000 2016,796040231518633984,Tue Nov 08 17:22:15 +0000 2016,796040147234148353,8,93095,60516,710990834972233728,Always_Trump,"RT @Always_Trump: WARNING:  PA ""Machine Malfunctions"" - if you vote STRAIGHT REP, it votes ALL DEM (why is it never the other way aro… ",59,105,67723205,cyrium1
Tue Nov 08 17:22:39 +0000 2016,796040246462939137,Tue Nov 08 17:22:15 +0000 2016,796040147234148353,9,93095,60516,710990834972233728,Always_Trump,"RT @Always_Trump: WARNING:  PA ""Machine Malfunctions"" - if you vote STRAIGHT REP, it votes ALL DEM (why is it never the other way aro… ",1879,421,52931083,flaunttnualf
Tue Nov 08 17:22:49 +0000 2016,796040291346067456,Tue Nov 08 17:22:15 +0000 2016,796040147234148353,15,93094,60518,710990834972233728,Always_Trump,"RT @Always_Trump: WARNING:  PA ""Machine Malfunctions"" - if you vote STRAIGHT REP, it votes ALL DEM (why is it never the other way aro… ",250,533,77829431,ChristianLestin
Tue Nov 08 17:22:50 +0000 2016,796040294378668032,Tue Nov 08 17:22:15 +0000 2016,796040147234148353,17,93096,60516,710990834972233728,Always_Trump,"RT @Always_Trump: WARNING:  PA ""Machine Malfunctions"" - if you vote STRAIGHT REP, it votes ALL DEM (why is it never the other way aro… ",476,358,784813082371588096,DmcpartlDavid
Tue Nov 08 17:22:51 +0000 2016,796040299973705728,Tue Nov 08 17:22:15 +0000 2016,796040147234148353,18,93094,60518,710990834972233728,Always_Trump,"RT @Always_Trump: WARNING:  PA ""Machine Malfunctions"" - if you vote STRAIGHT REP, it votes ALL DEM (why is it never the other way aro… ",426,221,742828749448564736,TRUMPISNOW
Tue Nov 08 17:22:51 +0000 2016,796040300405747712,Tue Nov 08 17:22:15 +0000 2016,796040147234148353,19,93094,60518,710990834972233728,Always_Trump,"RT @Always_Trump: WARNING:  PA ""Machine Malfunctions"" - if you vote STRAIGHT REP, it votes ALL DEM (why is it never the other way aro… ",829,1799,22216351,GreenDiplomacy
Tue Nov 08 17:22:54 +0000 2016,796040312368074752,Tue Nov 08 17:22:15 +0000 2016,796040147234148353,20,93096,60516,710990834972233728,Always_Trump,"RT @Always_Trump: WARNING:  PA ""Machine Malfunctions"" - if you vote STRAIGHT REP, it votes ALL DEM (why is it never the other way aro… ",22,64,756516404254371840,suanne4224
Tue Nov 08 17:23:06 +0000 2016,796040363286859777,Tue Nov 08 17:22:15 +0000 2016,796040147234148353,28,93097,60516,710990834972233728,Always_Trump,"RT @Always_Trump: WARNING:  PA ""Machine Malfunctions"" - if you vote STRAIGHT REP, it votes ALL DEM (why is it never the other way aro… ",119,89,702168623402455040,ailuy7
Tue Nov 08 17:23:08 +0000 2016,796040368227831809,Tue Nov 08 17:22:15 +0000 2016,796040147234148353,30,93097,60516,710990834972233728,Always_Trump,"RT @Always_Trump: WARNING:  PA ""Machine Malfunctions"" - if you vote STRAIGHT REP, it votes ALL DEM (why is it never the other way aro… ",150,75,2280896059,Bill55P
Tue Nov 08 17:23:18 +0000 2016,796040412859396096,Tue Nov 08 17:22:15 +0000 2016,796040147234148353,34,93097,60516,710990834972233728,Always_Trump,"RT @Always_Trump: WARNING:  PA ""Machine Malfunctions"" - if you vote STRAIGHT REP, it votes ALL DEM (why is it never the other way aro… ",1380,552,2284190942,Traderlife_
Tue Nov 08 17:23:18 +0000 2016,796040412867809280,Tue Nov 08 17:22:15 +0000 2016,796040147234148353,34,93097,60516,710990834972233728,Always_Trump,"RT @Always_Trump: WARNING:  PA ""Machine Malfunctions"" - if you vote STRAIGHT REP, it votes ALL DEM (why is it never the other way aro… ",514,1879,996241946,ollie_renee
Tue Nov 08 17:23:25 +0000 2016,796040441728733184,Tue Nov 08 17:22:15 +0000 2016,796040147234148353,38,93097,60516,710990834972233728,Always_Trump,"RT @Always_Trump: WARNING:  PA ""Machine Malfunctions"" - if you vote STRAIGHT REP, it votes ALL DEM (why is it never the other way aro… ",763,1360,2897913085,amymariewillard
Tue Nov 08 17:23:31 +0000 2016,796040468207464448,Tue Nov 08 17:22:15 +0000 2016,796040147234148353,39,93097,60516,710990834972233728,Always_Trump,"RT @Always_Trump: WARNING:  PA ""Machine Malfunctions"" - if you vote STRAIGHT REP, it votes ALL DEM (why is it never the other way aro… ",541,398,1093445768,jay_james27
Tue Nov 08 17:23:56 +0000 2016,796040569260802048,Tue Nov 08 17:22:15 +0000 2016,796040147234148353,43,93097,60516,710990834972233728,Always_Trump,"RT @Always_Trump: WARNING:  PA ""Machine Malfunctions"" - if you vote STRAIGHT REP, it votes ALL DEM (why is it never the other way aro… ",367,224,2805791809,CutOn2Dimes25
Tue Nov 08 17:23:59 +0000 2016,796040582221021184,Tue Nov 08 17:22:15 +0000 2016,796040147234148353,45,93095,60518,710990834972233728,Always_Trump,"RT @Always_Trump: WARNING:  PA ""Machine Malfunctions"" - if you vote STRAIGHT REP, it votes ALL DEM (why is it never the other way aro… ",244,779,2220980198,yh7va4yh7va1
Tue Nov 08 17:24:01 +0000 2016,796040590521679872,Tue Nov 08 17:22:15 +0000 2016,796040147234148353,46,93097,60516,710990834972233728,Always_Trump,"RT @Always_Trump: WARNING:  PA ""Machine Malfunctions"" - if you vote STRAIGHT REP, it votes ALL DEM (why is it never the other way aro… ",44,66,3349545851,Jennjerkyb
Tue Nov 08 17:24:01 +0000 2016,796040592421687296,Tue Nov 08 17:22:15 +0000 2016,796040147234148353,48,93097,60516,710990834972233728,Always_Trump,"RT @Always_Trump: WARNING:  PA ""Machine Malfunctions"" - if you vote STRAIGHT REP, it votes ALL DEM (why is it never the other way aro… ",208,292,729311880,austinsmithsonn
Tue Nov 08 17:24:03 +0000 2016,796040600403513344,Tue Nov 08 17:22:15 +0000 2016,796040147234148353,49,93097,60516,710990834972233728,Always_Trump,"RT @Always_Trump: WARNING:  PA ""Machine Malfunctions"" - if you vote STRAIGHT REP, it votes ALL DEM (why is it never the other way aro… ",803,626,12136922,KimsBridal
Tue Nov 08 17:24:09 +0000 2016,796040627007983616,Tue Nov 08 17:22:15 +0000 2016,796040147234148353,51,93097,60516,710990834972233728,Always_Trump,"RT @Always_Trump: WARNING:  PA ""Machine Malfunctions"" - if you vote STRAIGHT REP, it votes ALL DEM (why is it never the other way aro… ",22,61,716418103169646593,rdaugette4315
Tue Nov 08 17:24:15 +0000 2016,796040649120169984,Tue Nov 08 17:22:15 +0000 2016,796040147234148353,53,93095,60518,710990834972233728,Always_Trump,"RT @Always_Trump: WARNING:  PA ""Machine Malfunctions"" - if you vote STRAIGHT REP, it votes ALL DEM (why is it never the other way aro… ",11108,9979,487769182,suzost
Tue Nov 08 17:24:16 +0000 2016,796040655101448192,Tue Nov 08 17:22:15 +0000 2016,796040147234148353,54,93097,60516,710990834972233728,Always_Trump,"RT @Always_Trump: WARNING:  PA ""Machine Malfunctions"" - if you vote STRAIGHT REP, it votes ALL DEM (why is it never the other way aro… ",396,487,1581496496,litsstr57
Tue Nov 08 17:24:23 +0000 2016,796040685120012289,Tue Nov 08 17:22:15 +0000 2016,796040147234148353,58,93098,60516,710990834972233728,Always_Trump,"RT @Always_Trump: WARNING:  PA ""Machine Malfunctions"" - if you vote STRAIGHT REP, it votes ALL DEM (why is it never the other way aro… ",352,139,246964352,TrumpInContext
Tue Nov 08 17:24:27 +0000 2016,796040701926588416,Tue Nov 08 17:22:15 +0000 2016,796040147234148353,59,93098,60516,710990834972233728,Always_Trump,"RT @Always_Trump: WARNING:  PA ""Machine Malfunctions"" - if you vote STRAIGHT REP, it votes ALL DEM (why is it never the other way aro… ",75,198,785076135029673984,VeroniLodge
Tue Nov 08 17:24:29 +0000 2016,796040711498006528,Tue Nov 08 17:22:15 +0000 2016,796040147234148353,61,93098,60516,710990834972233728,Always_Trump,"RT @Always_Trump: WARNING:  PA ""Machine Malfunctions"" - if you vote STRAIGHT REP, it votes ALL DEM (why is it never the other way aro… ",23,42,1955193708,CrustyVet4Trump
Tue Nov 08 17:24:35 +0000 2016,796040735946579968,Tue Nov 08 17:22:15 +0000 2016,796040147234148353,64,93098,60516,710990834972233728,Always_Trump,"RT @Always_Trump: WARNING:  PA ""Machine Malfunctions"" - if you vote STRAIGHT REP, it votes ALL DEM (why is it never the other way aro… ",1100,2004,429544530,we3rus
Tue Nov 08 17:24:46 +0000 2016,796040782402715648,Tue Nov 08 17:22:15 +0000 2016,796040147234148353,72,93098,60516,710990834972233728,Always_Trump,"RT @Always_Trump: WARNING:  PA ""Machine Malfunctions"" - if you vote STRAIGHT REP, it votes ALL DEM (why is it never the other way aro… ",194,323,783395668916330497,DeplorableTLB
Tue Nov 08 17:24:48 +0000 2016,796040790917185537,Tue Nov 08 17:22:15 +0000 2016,796040147234148353,73,93098,60516,710990834972233728,Always_Trump,"RT @Always_Trump: WARNING:  PA ""Machine Malfunctions"" - if you vote STRAIGHT REP, it votes ALL DEM (why is it never the other way aro… ",158,170,230470550,ChadYarbrough1
Tue Nov 08 17:25:01 +0000 2016,796040845392801792,Tue Nov 08 17:22:15 +0000 2016,796040147234148353,74,93098,60517,710990834972233728,Always_Trump,"RT @Always_Trump: WARNING:  PA ""Machine Malfunctions"" - if you vote STRAIGHT REP, it votes ALL DEM (why is it never the other way aro… ",589,234,582562920,ElizaWindso
Tue Nov 08 17:25:05 +0000 2016,796040861234642944,Tue Nov 08 17:22:15 +0000 2016,796040147234148353,75,93098,60517,710990834972233728,Always_Trump,"RT @Always_Trump: WARNING:  PA ""Machine Malfunctions"" - if you vote STRAIGHT REP, it votes ALL DEM (why is it never the other way aro… ",96,300,73142016,dlampyvp
Tue Nov 08 17:25:20 +0000 2016,796040924430213120,Tue Nov 08 17:22:15 +0000 2016,796040147234148353,82,93099,60517,710990834972233728,Always_Trump,"RT @Always_Trump: WARNING:  PA ""Machine Malfunctions"" - if you vote STRAIGHT REP, it votes ALL DEM (why is it never the other way aro… ",179,183,4187517856,TerryMa86781504
Tue Nov 08 17:25:30 +0000 2016,796040965958078464,Tue Nov 08 17:22:15 +0000 2016,796040147234148353,85,93099,60517,710990834972233728,Always_Trump,"RT @Always_Trump: WARNING:  PA ""Machine Malfunctions"" - if you vote STRAIGHT REP, it votes ALL DEM (why is it never the other way aro… ",448,164,3678420496,JerryWact
Tue Nov 08 17:25:31 +0000 2016,796040970039074816,Tue Nov 08 17:22:15 +0000 2016,796040147234148353,86,93099,60517,710990834972233728,Always_Trump,"RT @Always_Trump: WARNING:  PA ""Machine Malfunctions"" - if you vote STRAIGHT REP, it votes ALL DEM (why is it never the other way aro… ",918,2106,73208930,Lane26kmp2205
Tue Nov 08 17:25:33 +0000 2016,796040978729725953,Tue Nov 08 17:22:15 +0000 2016,796040147234148353,87,93099,60517,710990834972233728,Always_Trump,"RT @Always_Trump: WARNING:  PA ""Machine Malfunctions"" - if you vote STRAIGHT REP, it votes ALL DEM (why is it never the other way aro… ",145,285,131311703,RADDD23
Tue Nov 08 17:25:43 +0000 2016,796041021109010433,Tue Nov 08 17:22:15 +0000 2016,796040147234148353,90,93099,60517,710990834972233728,Always_Trump,"RT @Always_Trump: WARNING:  PA ""Machine Malfunctions"" - if you vote STRAIGHT REP, it votes ALL DEM (why is it never the other way aro… ",244,296,53614673,samberams5
Tue Nov 08 17:25:45 +0000 2016,796041027450793984,Tue Nov 08 17:22:15 +0000 2016,796040147234148353,92,93099,60517,710990834972233728,Always_Trump,"RT @Always_Trump: WARNING:  PA ""Machine Malfunctions"" - if you vote STRAIGHT REP, it votes ALL DEM (why is it never the other way aro… ",155,144,4553986994,aaron_thomason5
Tue Nov 08 17:25:45 +0000 2016,796041029254344704,Tue Nov 08 17:22:15 +0000 2016,796040147234148353,93,93099,60517,710990834972233728,Always_Trump,"RT @Always_Trump: WARNING:  PA ""Machine Malfunctions"" - if you vote STRAIGHT REP, it votes ALL DEM (why is it never the other way aro… ",691,1159,3947035575,bavegan2951
Tue Nov 08 17:25:51 +0000 2016,796041055380668416,Tue Nov 08 17:22:15 +0000 2016,796040147234148353,95,93099,60517,710990834972233728,Always_Trump,"RT @Always_Trump: WARNING:  PA ""Machine Malfunctions"" - if you vote STRAIGHT REP, it votes ALL DEM (why is it never the other way aro… ",156,353,1534362374,markmaturo
Tue Nov 08 17:25:52 +0000 2016,796041059474280449,Tue Nov 08 17:22:15 +0000 2016,796040147234148353,96,93099,60517,710990834972233728,Always_Trump,"RT @Always_Trump: WARNING:  PA ""Machine Malfunctions"" - if you vote STRAIGHT REP, it votes ALL DEM (why is it never the other way aro… ",130,195,767849934347526144,Terilee39
Tue Nov 08 17:26:04 +0000 2016,796041108992233472,Tue Nov 08 17:22:15 +0000 2016,796040147234148353,102,93099,60518,710990834972233728,Always_Trump,"RT @Always_Trump: WARNING:  PA ""Machine Malfunctions"" - if you vote STRAIGHT REP, it votes ALL DEM (why is it never the other way aro… ",88,68,745434625833500672,John_Doe_V
Tue Nov 08 17:26:10 +0000 2016,796041133285642240,Tue Nov 08 17:22:15 +0000 2016,796040147234148353,105,93099,60518,710990834972233728,Always_Trump,"RT @Always_Trump: WARNING:  PA ""Machine Malfunctions"" - if you vote STRAIGHT REP, it votes ALL DEM (why is it never the other way aro… ",235,267,783159937912287232,bd_henny
Tue Nov 08 17:26:47 +0000 2016,796041290056077313,Tue Nov 08 17:22:15 +0000 2016,796040147234148353,118,93099,60518,710990834972233728,Always_Trump,"RT @Always_Trump: WARNING:  PA ""Machine Malfunctions"" - if you vote STRAIGHT REP, it votes ALL DEM (why is it never the other way aro… ",17018,3934,47150233,TrumpLiveFeed
Tue Nov 08 17:26:57 +0000 2016,796041328232697860,Tue Nov 08 17:22:15 +0000 2016,796040147234148353,123,93100,60518,710990834972233728,Always_Trump,"RT @Always_Trump: WARNING:  PA ""Machine Malfunctions"" - if you vote STRAIGHT REP, it votes ALL DEM (why is it never the other way aro… ",100,136,139621742,lostsurfer48
Tue Nov 08 17:26:59 +0000 2016,796041336738582528,Tue Nov 08 17:22:15 +0000 2016,796040147234148353,124,93098,60520,710990834972233728,Always_Trump,"RT @Always_Trump: WARNING:  PA ""Machine Malfunctions"" - if you vote STRAIGHT REP, it votes ALL DEM (why is it never the other way aro… ",606,233,471602432,USSRLegion
Tue Nov 08 17:27:00 +0000 2016,796041343768424448,Tue Nov 08 17:22:15 +0000 2016,796040147234148353,125,93100,60518,710990834972233728,Always_Trump,"RT @Always_Trump: WARNING:  PA ""Machine Malfunctions"" - if you vote STRAIGHT REP, it votes ALL DEM (why is it never the other way aro… ",559,1100,1909804782,ymlehnen
Tue Nov 08 17:27:14 +0000 2016,796041402211831809,Tue Nov 08 17:22:15 +0000 2016,796040147234148353,129,93100,60518,710990834972233728,Always_Trump,"RT @Always_Trump: WARNING:  PA ""Machine Malfunctions"" - if you vote STRAIGHT REP, it votes ALL DEM (why is it never the other way aro… ",380,812,2962256404,luanneturnage
Tue Nov 08 17:27:28 +0000 2016,796041458621050880,Tue Nov 08 17:22:15 +0000 2016,796040147234148353,133,93100,60518,710990834972233728,Always_Trump,"RT @Always_Trump: WARNING:  PA ""Machine Malfunctions"" - if you vote STRAIGHT REP, it votes ALL DEM (why is it never the other way aro… ",50,196,795810047406247937,ChrisJonesFL
Tue Nov 08 17:27:30 +0000 2016,796041468918067201,Tue Nov 08 17:22:15 +0000 2016,796040147234148353,134,93100,60518,710990834972233728,Always_Trump,"RT @Always_Trump: WARNING:  PA ""Machine Malfunctions"" - if you vote STRAIGHT REP, it votes ALL DEM (why is it never the other way aro… ",2035,3171,1367843006,LauraSa55897875
Tue Nov 08 17:27:34 +0000 2016,796041484281618432,Tue Nov 08 17:22:15 +0000 2016,796040147234148353,137,93098,60520,710990834972233728,Always_Trump,"RT @Always_Trump: WARNING:  PA ""Machine Malfunctions"" - if you vote STRAIGHT REP, it votes ALL DEM (why is it never the other way aro… ",86,64,4831262592,DavidVanilla
Tue Nov 08 17:27:48 +0000 2016,796041545615077376,Tue Nov 08 17:22:15 +0000 2016,796040147234148353,140,93100,60518,710990834972233728,Always_Trump,"RT @Always_Trump: WARNING:  PA ""Machine Malfunctions"" - if you vote STRAIGHT REP, it votes ALL DEM (why is it never the other way aro… ",309,114,56713264,floridayys
Tue Nov 08 17:27:50 +0000 2016,796041553798012928,Tue Nov 08 17:22:15 +0000 2016,796040147234148353,142,93098,60520,710990834972233728,Always_Trump,"RT @Always_Trump: WARNING:  PA ""Machine Malfunctions"" - if you vote STRAIGHT REP, it votes ALL DEM (why is it never the other way aro… ",404,38,2935585568,justmyowndrama
Tue Nov 08 17:28:04 +0000 2016,796041609574027268,Tue Nov 08 17:22:15 +0000 2016,796040147234148353,144,93102,60518,710990834972233728,Always_Trump,"RT @Always_Trump: WARNING:  PA ""Machine Malfunctions"" - if you vote STRAIGHT REP, it votes ALL DEM (why is it never the other way aro… ",149,120,32379927,andicanderson
Tue Nov 08 17:28:04 +0000 2016,796041612619120640,Tue Nov 08 17:22:15 +0000 2016,796040147234148353,147,93102,60518,710990834972233728,Always_Trump,"RT @Always_Trump: WARNING:  PA ""Machine Malfunctions"" - if you vote STRAIGHT REP, it votes ALL DEM (why is it never the other way aro… ",269,174,773030309377953792,maryanneguill
Tue Nov 08 17:28:11 +0000 2016,796041642000027648,Tue Nov 08 17:22:15 +0000 2016,796040147234148353,148,93100,60520,710990834972233728,Always_Trump,"RT @Always_Trump: WARNING:  PA ""Machine Malfunctions"" - if you vote STRAIGHT REP, it votes ALL DEM (why is it never the other way aro… ",1331,3722,604717835,Raymoz50
Tue Nov 08 17:28:17 +0000 2016,796041666364850177,Tue Nov 08 17:22:15 +0000 2016,796040147234148353,150,93102,60518,710990834972233728,Always_Trump,"RT @Always_Trump: WARNING:  PA ""Machine Malfunctions"" - if you vote STRAIGHT REP, it votes ALL DEM (why is it never the other way aro… ",246,85,2557025744,Danielboycool
Tue Nov 08 17:28:33 +0000 2016,796041734358700034,Tue Nov 08 17:22:15 +0000 2016,796040147234148353,154,93102,60518,710990834972233728,Always_Trump,"RT @Always_Trump: WARNING:  PA ""Machine Malfunctions"" - if you vote STRAIGHT REP, it votes ALL DEM (why is it never the other way aro… ",237,924,3742228335,139freckles
Tue Nov 08 17:28:35 +0000 2016,796041742248280065,Tue Nov 08 17:22:15 +0000 2016,796040147234148353,155,93102,60518,710990834972233728,Always_Trump,"RT @Always_Trump: WARNING:  PA ""Machine Malfunctions"" - if you vote STRAIGHT REP, it votes ALL DEM (why is it never the other way aro… ",283,256,716107269029625856,tetroy64
Tue Nov 08 17:28:44 +0000 2016,796041780043120642,Tue Nov 08 17:22:15 +0000 2016,796040147234148353,158,93102,60518,710990834972233728,Always_Trump,"RT @Always_Trump: WARNING:  PA ""Machine Malfunctions"" - if you vote STRAIGHT REP, it votes ALL DEM (why is it never the other way aro… ",434,747,1018523378,Raptor725150
Tue Nov 08 17:28:45 +0000 2016,796041784992432128,Tue Nov 08 17:22:15 +0000 2016,796040147234148353,159,93102,60518,710990834972233728,Always_Trump,"RT @Always_Trump: WARNING:  PA ""Machine Malfunctions"" - if you vote STRAIGHT REP, it votes ALL DEM (why is it never the other way aro… ",543,440,350409642,Meloni_Hargitay
Tue Nov 08 17:28:52 +0000 2016,796041813169553408,Tue Nov 08 17:22:15 +0000 2016,796040147234148353,161,93100,60520,710990834972233728,Always_Trump,"RT @Always_Trump: WARNING:  PA ""Machine Malfunctions"" - if you vote STRAIGHT REP, it votes ALL DEM (why is it never the other way aro… ",180,277,119886696,TaylorTuri
Tue Nov 08 17:28:53 +0000 2016,796041816848171008,Tue Nov 08 17:22:15 +0000 2016,796040147234148353,162,93102,60518,710990834972233728,Always_Trump,"RT @Always_Trump: WARNING:  PA ""Machine Malfunctions"" - if you vote STRAIGHT REP, it votes ALL DEM (why is it never the other way aro… ",543,274,1205141496,JamieGuildea
Tue Nov 08 17:28:53 +0000 2016,796041817728937984,Tue Nov 08 17:22:15 +0000 2016,796040147234148353,163,93102,60518,710990834972233728,Always_Trump,"RT @Always_Trump: WARNING:  PA ""Machine Malfunctions"" - if you vote STRAIGHT REP, it votes ALL DEM (why is it never the other way aro… ",4539,3844,565112744,clark7950
Tue Nov 08 17:29:09 +0000 2016,796041885437476864,Tue Nov 08 17:22:15 +0000 2016,796040147234148353,167,93100,60520,710990834972233728,Always_Trump,"RT @Always_Trump: WARNING:  PA ""Machine Malfunctions"" - if you vote STRAIGHT REP, it votes ALL DEM (why is it never the other way aro… ",240,305,1587017028,CydneyFlanigan
Tue Nov 08 17:29:14 +0000 2016,796041905712885760,Tue Nov 08 17:22:15 +0000 2016,796040147234148353,168,93102,60518,710990834972233728,Always_Trump,"RT @Always_Trump: WARNING:  PA ""Machine Malfunctions"" - if you vote STRAIGHT REP, it votes ALL DEM (why is it never the other way aro… ",191,245,162165751,johnscotthowell
Tue Nov 08 17:29:15 +0000 2016,796041909961637892,Tue Nov 08 17:22:15 +0000 2016,796040147234148353,169,93102,60518,710990834972233728,Always_Trump,"RT @Always_Trump: WARNING:  PA ""Machine Malfunctions"" - if you vote STRAIGHT REP, it votes ALL DEM (why is it never the other way aro… ",564,514,3180679291,FjmunoMunoz
Tue Nov 08 17:29:16 +0000 2016,796041914898415616,Tue Nov 08 17:22:15 +0000 2016,796040147234148353,170,93102,60518,710990834972233728,Always_Trump,"RT @Always_Trump: WARNING:  PA ""Machine Malfunctions"" - if you vote STRAIGHT REP, it votes ALL DEM (why is it never the other way aro… ",1378,453,49665600,MMAstock
Tue Nov 08 17:29:18 +0000 2016,796041922607534080,Tue Nov 08 17:22:15 +0000 2016,796040147234148353,171,93102,60518,710990834972233728,Always_Trump,"RT @Always_Trump: WARNING:  PA ""Machine Malfunctions"" - if you vote STRAIGHT REP, it votes ALL DEM (why is it never the other way aro… ",208,168,782595938208608257,SeamusOTwomey
Tue Nov 08 17:29:20 +0000 2016,796041927925895168,Tue Nov 08 17:22:15 +0000 2016,796040147234148353,172,93102,60518,710990834972233728,Always_Trump,"RT @Always_Trump: WARNING:  PA ""Machine Malfunctions"" - if you vote STRAIGHT REP, it votes ALL DEM (why is it never the other way aro… ",1112,1164,42525672,treesaree
Tue Nov 08 17:29:21 +0000 2016,796041935878230016,Tue Nov 08 17:22:15 +0000 2016,796040147234148353,174,93102,60518,710990834972233728,Always_Trump,"RT @Always_Trump: WARNING:  PA ""Machine Malfunctions"" - if you vote STRAIGHT REP, it votes ALL DEM (why is it never the other way aro… ",242,348,357279184,mkline54
Tue Nov 08 17:29:22 +0000 2016,796041936314331136,Tue Nov 08 17:22:15 +0000 2016,796040147234148353,174,93100,60520,710990834972233728,Always_Trump,"RT @Always_Trump: WARNING:  PA ""Machine Malfunctions"" - if you vote STRAIGHT REP, it votes ALL DEM (why is it never the other way aro… ",1469,1895,2478940417,fyrecapt12a
Tue Nov 08 17:29:24 +0000 2016,796041948289265668,Tue Nov 08 17:22:15 +0000 2016,796040147234148353,176,93102,60518,710990834972233728,Always_Trump,"RT @Always_Trump: WARNING:  PA ""Machine Malfunctions"" - if you vote STRAIGHT REP, it votes ALL DEM (why is it never the other way aro… ",223,642,2495936003,alex_chirco
Tue Nov 08 17:29:25 +0000 2016,796041952416374784,Tue Nov 08 17:22:15 +0000 2016,796040147234148353,177,93102,60518,710990834972233728,Always_Trump,"RT @Always_Trump: WARNING:  PA ""Machine Malfunctions"" - if you vote STRAIGHT REP, it votes ALL DEM (why is it never the other way aro… ",278,141,1429320763,JoLoDiBenedetto
Tue Nov 08 17:29:29 +0000 2016,796041969256501248,Tue Nov 08 17:22:15 +0000 2016,796040147234148353,178,93102,60518,710990834972233728,Always_Trump,"RT @Always_Trump: WARNING:  PA ""Machine Malfunctions"" - if you vote STRAIGHT REP, it votes ALL DEM (why is it never the other way aro… ",40,190,2891563655,hedammu
Tue Nov 08 17:29:37 +0000 2016,796042002961956864,Tue Nov 08 17:22:15 +0000 2016,796040147234148353,180,93102,60518,710990834972233728,Always_Trump,"RT @Always_Trump: WARNING:  PA ""Machine Malfunctions"" - if you vote STRAIGHT REP, it votes ALL DEM (why is it never the other way aro… ",2942,3347,2927276992,harleygrl3465
Tue Nov 08 17:29:45 +0000 2016,796042035924963328,Tue Nov 08 17:22:15 +0000 2016,796040147234148353,187,93102,60518,710990834972233728,Always_Trump,"RT @Always_Trump: WARNING:  PA ""Machine Malfunctions"" - if you vote STRAIGHT REP, it votes ALL DEM (why is it never the other way aro… ",72,225,245030287,bama016
Tue Nov 08 17:29:45 +0000 2016,796042036264759297,Tue Nov 08 17:22:15 +0000 2016,796040147234148353,187,93102,60518,710990834972233728,Always_Trump,"RT @Always_Trump: WARNING:  PA ""Machine Malfunctions"" - if you vote STRAIGHT REP, it votes ALL DEM (why is it never the other way aro… ",42,336,795992538054361088,lock_herup
Tue Nov 08 17:29:57 +0000 2016,796042083278721026,Tue Nov 08 17:22:15 +0000 2016,796040147234148353,191,93102,60518,710990834972233728,Always_Trump,"RT @Always_Trump: WARNING:  PA ""Machine Malfunctions"" - if you vote STRAIGHT REP, it votes ALL DEM (why is it never the other way aro… ",3807,4663,281290352,saneplanet
Tue Nov 08 17:29:57 +0000 2016,796042085765890048,Tue Nov 08 17:22:15 +0000 2016,796040147234148353,192,93102,60518,710990834972233728,Always_Trump,"RT @Always_Trump: WARNING:  PA ""Machine Malfunctions"" - if you vote STRAIGHT REP, it votes ALL DEM (why is it never the other way aro… ",46507,5615,431917957,magnifier661
Tue Nov 08 17:30:03 +0000 2016,796042110864621568,Tue Nov 08 17:22:15 +0000 2016,796040147234148353,195,93103,60518,710990834972233728,Always_Trump,"RT @Always_Trump: WARNING:  PA ""Machine Malfunctions"" - if you vote STRAIGHT REP, it votes ALL DEM (why is it never the other way aro… ",278,920,785287232341086305,Sarcastic_Smurf
Tue Nov 08 17:30:14 +0000 2016,796042157324955649,Tue Nov 08 17:22:15 +0000 2016,796040147234148353,199,93103,60518,710990834972233728,Always_Trump,"RT @Always_Trump: WARNING:  PA ""Machine Malfunctions"" - if you vote STRAIGHT REP, it votes ALL DEM (why is it never the other way aro… ",44,201,41684140,Chickasee
Tue Nov 08 17:30:18 +0000 2016,796042174244724742,Tue Nov 08 17:22:15 +0000 2016,796040147234148353,200,93103,60518,710990834972233728,Always_Trump,"RT @Always_Trump: WARNING:  PA ""Machine Malfunctions"" - if you vote STRAIGHT REP, it votes ALL DEM (why is it never the other way aro… ",626,517,2367812418,hunter_briner
Tue Nov 08 17:30:19 +0000 2016,796042179215052800,Tue Nov 08 17:22:15 +0000 2016,796040147234148353,201,93103,60518,710990834972233728,Always_Trump,"RT @Always_Trump: WARNING:  PA ""Machine Malfunctions"" - if you vote STRAIGHT REP, it votes ALL DEM (why is it never the other way aro… ",22,64,755617384887623680,LibertasCampana
Tue Nov 08 17:30:41 +0000 2016,796042270420168708,Tue Nov 08 17:22:15 +0000 2016,796040147234148353,209,93104,60518,710990834972233728,Always_Trump,"RT @Always_Trump: WARNING:  PA ""Machine Malfunctions"" - if you vote STRAIGHT REP, it votes ALL DEM (why is it never the other way aro… ",207,60,729745131918626817,DaveDmart30959
Tue Nov 08 17:30:42 +0000 2016,796042271946932224,Tue Nov 08 17:22:15 +0000 2016,796040147234148353,210,93104,60518,710990834972233728,Always_Trump,"RT @Always_Trump: WARNING:  PA ""Machine Malfunctions"" - if you vote STRAIGHT REP, it votes ALL DEM (why is it never the other way aro… ",329,467,263651287,francois101com
Tue Nov 08 17:30:44 +0000 2016,796042281035841536,Tue Nov 08 17:22:15 +0000 2016,796040147234148353,212,93102,60520,710990834972233728,Always_Trump,"RT @Always_Trump: WARNING:  PA ""Machine Malfunctions"" - if you vote STRAIGHT REP, it votes ALL DEM (why is it never the other way aro… ",536,326,577553459,Black_Churchill
Tue Nov 08 17:30:44 +0000 2016,796042283732717568,Tue Nov 08 17:22:15 +0000 2016,796040147234148353,214,93102,60520,710990834972233728,Always_Trump,"RT @Always_Trump: WARNING:  PA ""Machine Malfunctions"" - if you vote STRAIGHT REP, it votes ALL DEM (why is it never the other way aro… ",1077,744,935145523,ironetc2
Tue Nov 08 17:30:52 +0000 2016,796042316481859585,Tue Nov 08 17:22:15 +0000 2016,796040147234148353,218,93103,60520,710990834972233728,Always_Trump,"RT @Always_Trump: WARNING:  PA ""Machine Malfunctions"" - if you vote STRAIGHT REP, it votes ALL DEM (why is it never the other way aro… ",262,101,107281934,chipnjaz
Tue Nov 08 17:30:54 +0000 2016,796042324887433217,Tue Nov 08 17:22:15 +0000 2016,796040147234148353,219,93105,60518,710990834972233728,Always_Trump,"RT @Always_Trump: WARNING:  PA ""Machine Malfunctions"" - if you vote STRAIGHT REP, it votes ALL DEM (why is it never the other way aro… ",102,70,76697901,djcoryminto
Tue Nov 08 17:30:57 +0000 2016,796042338472706050,Tue Nov 08 17:22:15 +0000 2016,796040147234148353,220,93105,60518,710990834972233728,Always_Trump,"RT @Always_Trump: WARNING:  PA ""Machine Malfunctions"" - if you vote STRAIGHT REP, it votes ALL DEM (why is it never the other way aro… ",861,820,110421556,cjallenii
Tue Nov 08 17:30:58 +0000 2016,796042342960484352,Tue Nov 08 17:22:15 +0000 2016,796040147234148353,221,93103,60520,710990834972233728,Always_Trump,"RT @Always_Trump: WARNING:  PA ""Machine Malfunctions"" - if you vote STRAIGHT REP, it votes ALL DEM (why is it never the other way aro… ",129,155,764643388385693696,Lords_of_Light
Tue Nov 08 17:31:09 +0000 2016,796042388984786944,Tue Nov 08 17:22:15 +0000 2016,796040147234148353,225,93106,60518,710990834972233728,Always_Trump,"RT @Always_Trump: WARNING:  PA ""Machine Malfunctions"" - if you vote STRAIGHT REP, it votes ALL DEM (why is it never the other way aro… ",732,555,3160287114,realJaniceBlant
Tue Nov 08 17:31:17 +0000 2016,796042422484697088,Tue Nov 08 17:22:15 +0000 2016,796040147234148353,229,93106,60518,710990834972233728,Always_Trump,"RT @Always_Trump: WARNING:  PA ""Machine Malfunctions"" - if you vote STRAIGHT REP, it votes ALL DEM (why is it never the other way aro… ",37,191,774937444848398336,HeirloomCore
Tue Nov 08 17:31:20 +0000 2016,796042434367131649,Tue Nov 08 17:22:15 +0000 2016,796040147234148353,230,93106,60518,710990834972233728,Always_Trump,"RT @Always_Trump: WARNING:  PA ""Machine Malfunctions"" - if you vote STRAIGHT REP, it votes ALL DEM (why is it never the other way aro… ",1539,1421,52658734,DrJellyFinger35
Tue Nov 08 17:31:24 +0000 2016,796042450976571392,Tue Nov 08 17:22:15 +0000 2016,796040147234148353,232,93107,60518,710990834972233728,Always_Trump,"RT @Always_Trump: WARNING:  PA ""Machine Malfunctions"" - if you vote STRAIGHT REP, it votes ALL DEM (why is it never the other way aro… ",14,17,786648483776172034,vxxri
Tue Nov 08 17:31:30 +0000 2016,796042476150726656,Tue Nov 08 17:22:15 +0000 2016,796040147234148353,233,93108,60518,710990834972233728,Always_Trump,"RT @Always_Trump: WARNING:  PA ""Machine Malfunctions"" - if you vote STRAIGHT REP, it votes ALL DEM (why is it never the other way aro… ",3955,3704,213083367,Zeteticus
Tue Nov 08 17:31:44 +0000 2016,796042531842691072,Tue Nov 08 17:22:15 +0000 2016,796040147234148353,237,93108,60518,710990834972233728,Always_Trump,"RT @Always_Trump: WARNING:  PA ""Machine Malfunctions"" - if you vote STRAIGHT REP, it votes ALL DEM (why is it never the other way aro… ",292,558,3290712925,nbartleySW
Tue Nov 08 17:31:47 +0000 2016,796042548355551232,Tue Nov 08 17:22:15 +0000 2016,796040147234148353,238,93106,60520,710990834972233728,Always_Trump,"RT @Always_Trump: WARNING:  PA ""Machine Malfunctions"" - if you vote STRAIGHT REP, it votes ALL DEM (why is it never the other way aro… ",698,1168,114024139,francishumes
Tue Nov 08 17:31:50 +0000 2016,796042560993116160,Tue Nov 08 17:22:15 +0000 2016,796040147234148353,240,93108,60518,710990834972233728,Always_Trump,"RT @Always_Trump: WARNING:  PA ""Machine Malfunctions"" - if you vote STRAIGHT REP, it votes ALL DEM (why is it never the other way aro… ",175,601,713854330181328896,JamesAllinger
Tue Nov 08 17:31:53 +0000 2016,796042572296835073,Tue Nov 08 17:22:15 +0000 2016,796040147234148353,241,93108,60518,710990834972233728,Always_Trump,"RT @Always_Trump: WARNING:  PA ""Machine Malfunctions"" - if you vote STRAIGHT REP, it votes ALL DEM (why is it never the other way aro… ",155,425,351779705,DNA_LinK
Tue Nov 08 17:31:55 +0000 2016,796042582145040387,Tue Nov 08 17:22:15 +0000 2016,796040147234148353,243,93108,60518,710990834972233728,Always_Trump,"RT @Always_Trump: WARNING:  PA ""Machine Malfunctions"" - if you vote STRAIGHT REP, it votes ALL DEM (why is it never the other way aro… ",34,104,466117125,MKirsipuu
Tue Nov 08 17:31:57 +0000 2016,796042589543616512,Tue Nov 08 17:22:15 +0000 2016,796040147234148353,245,93106,60520,710990834972233728,Always_Trump,"RT @Always_Trump: WARNING:  PA ""Machine Malfunctions"" - if you vote STRAIGHT REP, it votes ALL DEM (why is it never the other way aro… ",362,912,61077110,cesar_k1
Tue Nov 08 17:32:01 +0000 2016,796042606488809472,Tue Nov 08 17:22:15 +0000 2016,796040147234148353,247,93108,60518,710990834972233728,Always_Trump,"RT @Always_Trump: WARNING:  PA ""Machine Malfunctions"" - if you vote STRAIGHT REP, it votes ALL DEM (why is it never the other way aro… ",225,241,23162382,starchaser57
Tue Nov 08 17:32:05 +0000 2016,796042623081451520,Tue Nov 08 17:22:15 +0000 2016,796040147234148353,249,93108,60518,710990834972233728,Always_Trump,"RT @Always_Trump: WARNING:  PA ""Machine Malfunctions"" - if you vote STRAIGHT REP, it votes ALL DEM (why is it never the other way aro… ",3092,2916,22140483,53wizard
Tue Nov 08 17:32:06 +0000 2016,796042627099463680,Tue Nov 08 17:22:15 +0000 2016,796040147234148353,250,93106,60520,710990834972233728,Always_Trump,"RT @Always_Trump: WARNING:  PA ""Machine Malfunctions"" - if you vote STRAIGHT REP, it votes ALL DEM (why is it never the other way aro… ",1441,2717,3355267340,JackBlakesmith
Tue Nov 08 17:32:12 +0000 2016,796042649690116100,Tue Nov 08 17:22:15 +0000 2016,796040147234148353,253,93108,60518,710990834972233728,Always_Trump,"RT @Always_Trump: WARNING:  PA ""Machine Malfunctions"" - if you vote STRAIGHT REP, it votes ALL DEM (why is it never the other way aro… ",331,438,4406537002,wildthingssivan
Tue Nov 08 17:32:21 +0000 2016,796042690915868672,Tue Nov 08 17:22:15 +0000 2016,796040147234148353,257,93108,60518,710990834972233728,Always_Trump,"RT @Always_Trump: WARNING:  PA ""Machine Malfunctions"" - if you vote STRAIGHT REP, it votes ALL DEM (why is it never the other way aro… ",92,114,896874918,Ozone787
Tue Nov 08 17:32:28 +0000 2016,796042719340720130,Tue Nov 08 17:22:15 +0000 2016,796040147234148353,259,93108,60518,710990834972233728,Always_Trump,"RT @Always_Trump: WARNING:  PA ""Machine Malfunctions"" - if you vote STRAIGHT REP, it votes ALL DEM (why is it never the other way aro… ",166,195,26119706,ambrialee
Tue Nov 08 17:32:29 +0000 2016,796042720666128384,Tue Nov 08 17:22:15 +0000 2016,796040147234148353,260,93108,60518,710990834972233728,Always_Trump,"RT @Always_Trump: WARNING:  PA ""Machine Malfunctions"" - if you vote STRAIGHT REP, it votes ALL DEM (why is it never the other way aro… ",109,318,1092171602,Tmconrad1
Tue Nov 08 17:32:32 +0000 2016,796042737187483648,Tue Nov 08 17:22:15 +0000 2016,796040147234148353,263,93108,60518,710990834972233728,Always_Trump,"RT @Always_Trump: WARNING:  PA ""Machine Malfunctions"" - if you vote STRAIGHT REP, it votes ALL DEM (why is it never the other way aro… ",2789,1959,492232619,DylanStratton23
Tue Nov 08 17:32:35 +0000 2016,796042746574282752,Tue Nov 08 17:22:15 +0000 2016,796040147234148353,264,93109,60518,710990834972233728,Always_Trump,"RT @Always_Trump: WARNING:  PA ""Machine Malfunctions"" - if you vote STRAIGHT REP, it votes ALL DEM (why is it never the other way aro… ",417,290,434464828,britbonamassa
Tue Nov 08 17:32:37 +0000 2016,796042757881987072,Tue Nov 08 17:22:15 +0000 2016,796040147234148353,265,93107,60520,710990834972233728,Always_Trump,"RT @Always_Trump: WARNING:  PA ""Machine Malfunctions"" - if you vote STRAIGHT REP, it votes ALL DEM (why is it never the other way aro… ",592,1685,161269188,Jake1__________
Tue Nov 08 17:32:43 +0000 2016,796042782821543937,Tue Nov 08 17:22:15 +0000 2016,796040147234148353,270,93109,60518,710990834972233728,Always_Trump,"RT @Always_Trump: WARNING:  PA ""Machine Malfunctions"" - if you vote STRAIGHT REP, it votes ALL DEM (why is it never the other way aro… ",271,293,392120714,AnttilaTheHun
Tue Nov 08 17:32:50 +0000 2016,796042812160495616,Tue Nov 08 17:22:15 +0000 2016,796040147234148353,274,93107,60520,710990834972233728,Always_Trump,"RT @Always_Trump: WARNING:  PA ""Machine Malfunctions"" - if you vote STRAIGHT REP, it votes ALL DEM (why is it never the other way aro… ",86,60,4296482000,christinelroy
Tue Nov 08 17:32:56 +0000 2016,796042837657845760,Tue Nov 08 17:22:15 +0000 2016,796040147234148353,279,93109,60518,710990834972233728,Always_Trump,"RT @Always_Trump: WARNING:  PA ""Machine Malfunctions"" - if you vote STRAIGHT REP, it votes ALL DEM (why is it never the other way aro… ",87,133,244305038,magates68
Tue Nov 08 17:33:02 +0000 2016,796042862630760448,Tue Nov 08 17:22:15 +0000 2016,796040147234148353,280,93109,60518,710990834972233728,Always_Trump,"RT @Always_Trump: WARNING:  PA ""Machine Malfunctions"" - if you vote STRAIGHT REP, it votes ALL DEM (why is it never the other way aro… ",427,636,1267948406,myers_chrdie37
Tue Nov 08 17:33:03 +0000 2016,796042866644701184,Tue Nov 08 17:22:15 +0000 2016,796040147234148353,281,93109,60518,710990834972233728,Always_Trump,"RT @Always_Trump: WARNING:  PA ""Machine Malfunctions"" - if you vote STRAIGHT REP, it votes ALL DEM (why is it never the other way aro… ",66,109,462179424,LeuAlx
Tue Nov 08 17:33:04 +0000 2016,796042870293729281,Tue Nov 08 17:22:15 +0000 2016,796040147234148353,283,93109,60518,710990834972233728,Always_Trump,"RT @Always_Trump: WARNING:  PA ""Machine Malfunctions"" - if you vote STRAIGHT REP, it votes ALL DEM (why is it never the other way aro… ",324,555,874911452,AntonVonClouse
Tue Nov 08 17:33:25 +0000 2016,796042958457843712,Tue Nov 08 17:22:15 +0000 2016,796040147234148353,290,93108,60520,710990834972233728,Always_Trump,"RT @Always_Trump: WARNING:  PA ""Machine Malfunctions"" - if you vote STRAIGHT REP, it votes ALL DEM (why is it never the other way aro… ",356,379,750417311744421888,Lindaco74692732
Tue Nov 08 17:33:27 +0000 2016,796042963998613505,Tue Nov 08 17:22:15 +0000 2016,796040147234148353,291,93110,60518,710990834972233728,Always_Trump,"RT @Always_Trump: WARNING:  PA ""Machine Malfunctions"" - if you vote STRAIGHT REP, it votes ALL DEM (why is it never the other way aro… ",281,173,235745323,MJs__Smile
Tue Nov 08 17:33:36 +0000 2016,796043004716978176,Tue Nov 08 17:22:15 +0000 2016,796040147234148353,295,93110,60518,710990834972233728,Always_Trump,"RT @Always_Trump: WARNING:  PA ""Machine Malfunctions"" - if you vote STRAIGHT REP, it votes ALL DEM (why is it never the other way aro… ",536,580,2460269506,b_drone
Tue Nov 08 17:33:37 +0000 2016,796043008479285248,Tue Nov 08 17:22:15 +0000 2016,796040147234148353,296,93110,60518,710990834972233728,Always_Trump,"RT @Always_Trump: WARNING:  PA ""Machine Malfunctions"" - if you vote STRAIGHT REP, it votes ALL DEM (why is it never the other way aro… ",130,393,2258068728,Angelotrams
Tue Nov 08 17:33:37 +0000 2016,796043009301196800,Tue Nov 08 17:22:15 +0000 2016,796040147234148353,297,93108,60520,710990834972233728,Always_Trump,"RT @Always_Trump: WARNING:  PA ""Machine Malfunctions"" - if you vote STRAIGHT REP, it votes ALL DEM (why is it never the other way aro… ",736,93,359770097,antidote925
Tue Nov 08 17:33:39 +0000 2016,796043018210000896,Tue Nov 08 17:22:15 +0000 2016,796040147234148353,300,93111,60518,710990834972233728,Always_Trump,"RT @Always_Trump: WARNING:  PA ""Machine Malfunctions"" - if you vote STRAIGHT REP, it votes ALL DEM (why is it never the other way aro… ",450,324,547990523,jesssicanelson
Tue Nov 08 17:33:55 +0000 2016,796043085134196736,Tue Nov 08 17:22:15 +0000 2016,796040147234148353,308,93109,60520,710990834972233728,Always_Trump,"RT @Always_Trump: WARNING:  PA ""Machine Malfunctions"" - if you vote STRAIGHT REP, it votes ALL DEM (why is it never the other way aro… ",200,390,283199259,BSU_BRONCOS
Tue Nov 08 17:33:58 +0000 2016,796043097255735296,Tue Nov 08 17:22:15 +0000 2016,796040147234148353,309,93111,60520,710990834972233728,Always_Trump,"RT @Always_Trump: WARNING:  PA ""Machine Malfunctions"" - if you vote STRAIGHT REP, it votes ALL DEM (why is it never the other way aro… ",7,39,786907988632211456,NancyB0726
Tue Nov 08 17:34:16 +0000 2016,796043169611845636,Tue Nov 08 17:22:15 +0000 2016,796040147234148353,312,93113,60518,710990834972233728,Always_Trump,"RT @Always_Trump: WARNING:  PA ""Machine Malfunctions"" - if you vote STRAIGHT REP, it votes ALL DEM (why is it never the other way aro… ",78,81,757660463228391424,Jonatha07038538
Tue Nov 08 17:34:19 +0000 2016,796043185126592512,Tue Nov 08 17:22:15 +0000 2016,796040147234148353,313,93113,60518,710990834972233728,Always_Trump,"RT @Always_Trump: WARNING:  PA ""Machine Malfunctions"" - if you vote STRAIGHT REP, it votes ALL DEM (why is it never the other way aro… ",1519,432,73048382,FreeStateYank
Tue Nov 08 17:34:21 +0000 2016,796043193410289664,Tue Nov 08 17:22:15 +0000 2016,796040147234148353,315,93113,60518,710990834972233728,Always_Trump,"RT @Always_Trump: WARNING:  PA ""Machine Malfunctions"" - if you vote STRAIGHT REP, it votes ALL DEM (why is it never the other way aro… ",4884,4843,366403007,critterman76
Tue Nov 08 17:34:22 +0000 2016,796043198237999104,Tue Nov 08 17:22:15 +0000 2016,796040147234148353,316,93113,60518,710990834972233728,Always_Trump,"RT @Always_Trump: WARNING:  PA ""Machine Malfunctions"" - if you vote STRAIGHT REP, it votes ALL DEM (why is it never the other way aro… ",79,20,80398555,caosober
Tue Nov 08 17:34:35 +0000 2016,796043252260630528,Tue Nov 08 17:22:15 +0000 2016,796040147234148353,318,93113,60518,710990834972233728,Always_Trump,"RT @Always_Trump: WARNING:  PA ""Machine Malfunctions"" - if you vote STRAIGHT REP, it votes ALL DEM (why is it never the other way aro… ",247,262,119170036,BelleStockman
Tue Nov 08 17:34:51 +0000 2016,796043319780507648,Tue Nov 08 17:22:15 +0000 2016,796040147234148353,323,93114,60518,710990834972233728,Always_Trump,"RT @Always_Trump: WARNING:  PA ""Machine Malfunctions"" - if you vote STRAIGHT REP, it votes ALL DEM (why is it never the other way aro… ",698,632,415066986,alec_zamora
Tue Nov 08 17:34:56 +0000 2016,796043340743487488,Tue Nov 08 17:22:15 +0000 2016,796040147234148353,324,93112,60520,710990834972233728,Always_Trump,"RT @Always_Trump: WARNING:  PA ""Machine Malfunctions"" - if you vote STRAIGHT REP, it votes ALL DEM (why is it never the other way aro… ",173,787,470738667,Ennio05
Tue Nov 08 17:35:00 +0000 2016,796043357831184384,Tue Nov 08 17:22:15 +0000 2016,796040147234148353,328,93114,60518,710990834972233728,Always_Trump,"RT @Always_Trump: WARNING:  PA ""Machine Malfunctions"" - if you vote STRAIGHT REP, it votes ALL DEM (why is it never the other way aro… ",6,5,738934646616948736,h9304392
Tue Nov 08 17:35:02 +0000 2016,796043365611552768,Tue Nov 08 17:22:15 +0000 2016,796040147234148353,330,93113,60520,710990834972233728,Always_Trump,"RT @Always_Trump: WARNING:  PA ""Machine Malfunctions"" - if you vote STRAIGHT REP, it votes ALL DEM (why is it never the other way aro… ",25,43,779943853595897856,tansenryua
Tue Nov 08 17:35:16 +0000 2016,796043424558358529,Tue Nov 08 17:22:15 +0000 2016,796040147234148353,333,93114,60518,710990834972233728,Always_Trump,"RT @Always_Trump: WARNING:  PA ""Machine Malfunctions"" - if you vote STRAIGHT REP, it votes ALL DEM (why is it never the other way aro… ",27,60,132593068,adel0_0
Tue Nov 08 17:35:18 +0000 2016,796043433072726017,Tue Nov 08 17:22:15 +0000 2016,796040147234148353,334,93112,60520,710990834972233728,Always_Trump,"RT @Always_Trump: WARNING:  PA ""Machine Malfunctions"" - if you vote STRAIGHT REP, it votes ALL DEM (why is it never the other way aro… ",34,61,4847359965,VinayRepublican
Tue Nov 08 17:35:24 +0000 2016,796043458305781764,Tue Nov 08 17:22:15 +0000 2016,796040147234148353,336,93114,60518,710990834972233728,Always_Trump,"RT @Always_Trump: WARNING:  PA ""Machine Malfunctions"" - if you vote STRAIGHT REP, it votes ALL DEM (why is it never the other way aro… ",79,168,2258618585,henry_martone
Tue Nov 08 17:35:28 +0000 2016,796043475410153472,Tue Nov 08 17:22:15 +0000 2016,796040147234148353,337,93114,60518,710990834972233728,Always_Trump,"RT @Always_Trump: WARNING:  PA ""Machine Malfunctions"" - if you vote STRAIGHT REP, it votes ALL DEM (why is it never the other way aro… ",9,23,2802129911,TorchPelletier
Tue Nov 08 17:35:39 +0000 2016,796043520880545792,Tue Nov 08 17:22:15 +0000 2016,796040147234148353,340,93113,60518,710990834972233728,Always_Trump,"RT @Always_Trump: WARNING:  PA ""Machine Malfunctions"" - if you vote STRAIGHT REP, it votes ALL DEM (why is it never the other way aro… ",331,171,593172799,Decencyx
Tue Nov 08 17:35:49 +0000 2016,796043560516747268,Tue Nov 08 17:22:15 +0000 2016,796040147234148353,343,93114,60518,710990834972233728,Always_Trump,"RT @Always_Trump: WARNING:  PA ""Machine Malfunctions"" - if you vote STRAIGHT REP, it votes ALL DEM (why is it never the other way aro… ",416,364,774009922908483589,Hillarysearpie1
Tue Nov 08 17:35:51 +0000 2016,796043571136786432,Tue Nov 08 17:22:15 +0000 2016,796040147234148353,344,93114,60518,710990834972233728,Always_Trump,"RT @Always_Trump: WARNING:  PA ""Machine Malfunctions"" - if you vote STRAIGHT REP, it votes ALL DEM (why is it never the other way aro… ",521,54,727292045962936320,Trumpwillwin2
Tue Nov 08 17:35:54 +0000 2016,796043580519358464,Tue Nov 08 17:22:15 +0000 2016,796040147234148353,345,93115,60518,710990834972233728,Always_Trump,"RT @Always_Trump: WARNING:  PA ""Machine Malfunctions"" - if you vote STRAIGHT REP, it votes ALL DEM (why is it never the other way aro… ",78,72,2387939527,ThatPat1
Tue Nov 08 17:35:43 +0000 2016,796043536915427328,Tue Nov 08 17:22:15 +0000 2016,796040147234148353,342,93114,60518,710990834972233728,Always_Trump,"RT @Always_Trump: WARNING:  PA ""Machine Malfunctions"" - if you vote STRAIGHT REP, it votes ALL DEM (why is it never the other way aro… ",588,236,3060448016,ripperroo2021
Tue Nov 08 17:36:02 +0000 2016,796043617823404032,Tue Nov 08 17:22:15 +0000 2016,796040147234148353,349,93113,60520,710990834972233728,Always_Trump,"RT @Always_Trump: WARNING:  PA ""Machine Malfunctions"" - if you vote STRAIGHT REP, it votes ALL DEM (why is it never the other way aro… ",10341,10339,254782844,KittyKittyKimmy
Tue Nov 08 17:36:02 +0000 2016,796043617823498240,Tue Nov 08 17:22:15 +0000 2016,796040147234148353,349,93115,60518,710990834972233728,Always_Trump,"RT @Always_Trump: WARNING:  PA ""Machine Malfunctions"" - if you vote STRAIGHT REP, it votes ALL DEM (why is it never the other way aro… ",936,1751,4329921207,davideades11n
Tue Nov 08 17:36:13 +0000 2016,796043662895366144,Tue Nov 08 17:22:15 +0000 2016,796040147234148353,354,93113,60520,710990834972233728,Always_Trump,"RT @Always_Trump: WARNING:  PA ""Machine Malfunctions"" - if you vote STRAIGHT REP, it votes ALL DEM (why is it never the other way aro… ",906,2016,1233457099,brettmartzke
Tue Nov 08 17:36:14 +0000 2016,796043667903365120,Tue Nov 08 17:22:15 +0000 2016,796040147234148353,356,93113,60520,710990834972233728,Always_Trump,"RT @Always_Trump: WARNING:  PA ""Machine Malfunctions"" - if you vote STRAIGHT REP, it votes ALL DEM (why is it never the other way aro… ",44,169,771030304228151296,wildheart_25
Tue Nov 08 17:36:14 +0000 2016,796043667727388674,Tue Nov 08 17:22:15 +0000 2016,796040147234148353,356,93115,60518,710990834972233728,Always_Trump,"RT @Always_Trump: WARNING:  PA ""Machine Malfunctions"" - if you vote STRAIGHT REP, it votes ALL DEM (why is it never the other way aro… ",176,156,389628690,ShorelineCharli
Tue Nov 08 17:36:17 +0000 2016,796043680448659457,Tue Nov 08 17:22:15 +0000 2016,796040147234148353,358,93116,60518,710990834972233728,Always_Trump,"RT @Always_Trump: WARNING:  PA ""Machine Malfunctions"" - if you vote STRAIGHT REP, it votes ALL DEM (why is it never the other way aro… ",202,230,2933914001,haileuropa9
Tue Nov 08 17:36:34 +0000 2016,796043748513841152,Tue Nov 08 17:22:15 +0000 2016,796040147234148353,364,93115,60518,710990834972233728,Always_Trump,"RT @Always_Trump: WARNING:  PA ""Machine Malfunctions"" - if you vote STRAIGHT REP, it votes ALL DEM (why is it never the other way aro… ",58,53,3121736533,cody_williams99
Tue Nov 08 17:36:35 +0000 2016,796043752825618434,Tue Nov 08 17:22:15 +0000 2016,796040147234148353,366,93115,60518,710990834972233728,Always_Trump,"RT @Always_Trump: WARNING:  PA ""Machine Malfunctions"" - if you vote STRAIGHT REP, it votes ALL DEM (why is it never the other way aro… ",926,1131,20512824,scg1102
Tue Nov 08 17:36:37 +0000 2016,796043764712214528,Tue Nov 08 17:22:15 +0000 2016,796040147234148353,368,93115,60518,710990834972233728,Always_Trump,"RT @Always_Trump: WARNING:  PA ""Machine Malfunctions"" - if you vote STRAIGHT REP, it votes ALL DEM (why is it never the other way aro… ",15,12,704732069054779392,forreal78
Tue Nov 08 17:36:49 +0000 2016,796043814561579008,Tue Nov 08 17:22:15 +0000 2016,796040147234148353,371,93115,60518,710990834972233728,Always_Trump,"RT @Always_Trump: WARNING:  PA ""Machine Malfunctions"" - if you vote STRAIGHT REP, it votes ALL DEM (why is it never the other way aro… ",619,2025,3010777755,925_master
Tue Nov 08 17:37:10 +0000 2016,796043903128506368,Tue Nov 08 17:22:15 +0000 2016,796040147234148353,378,93115,60518,710990834972233728,Always_Trump,"RT @Always_Trump: WARNING:  PA ""Machine Malfunctions"" - if you vote STRAIGHT REP, it votes ALL DEM (why is it never the other way aro… ",16,45,109136080,yuanhuisha
Tue Nov 08 17:37:16 +0000 2016,796043927610687488,Tue Nov 08 17:22:15 +0000 2016,796040147234148353,381,93116,60518,710990834972233728,Always_Trump,"RT @Always_Trump: WARNING:  PA ""Machine Malfunctions"" - if you vote STRAIGHT REP, it votes ALL DEM (why is it never the other way aro… ",2651,4921,2572645350,WandaMiller5102
Tue Nov 08 17:37:18 +0000 2016,796043935923568640,Tue Nov 08 17:22:15 +0000 2016,796040147234148353,382,93114,60520,710990834972233728,Always_Trump,"RT @Always_Trump: WARNING:  PA ""Machine Malfunctions"" - if you vote STRAIGHT REP, it votes ALL DEM (why is it never the other way aro… ",7652,7423,3329001482,Berniesanderss4
Tue Nov 08 17:37:23 +0000 2016,796043956425355264,Tue Nov 08 17:22:15 +0000 2016,796040147234148353,385,93114,60520,710990834972233728,Always_Trump,"RT @Always_Trump: WARNING:  PA ""Machine Malfunctions"" - if you vote STRAIGHT REP, it votes ALL DEM (why is it never the other way aro… ",4467,4358,253637278,Yvonne2016MAGA
Tue Nov 08 17:37:27 +0000 2016,796043970996531201,Tue Nov 08 17:22:15 +0000 2016,796040147234148353,388,93116,60518,710990834972233728,Always_Trump,"RT @Always_Trump: WARNING:  PA ""Machine Malfunctions"" - if you vote STRAIGHT REP, it votes ALL DEM (why is it never the other way aro… ",92,146,785984877661294592,JhoyBoyden
Tue Nov 08 17:37:29 +0000 2016,796043981687848961,Tue Nov 08 17:22:15 +0000 2016,796040147234148353,389,93116,60518,710990834972233728,Always_Trump,"RT @Always_Trump: WARNING:  PA ""Machine Malfunctions"" - if you vote STRAIGHT REP, it votes ALL DEM (why is it never the other way aro… ",590,281,32466500,JacerJulian
Tue Nov 08 17:37:34 +0000 2016,796044002407677952,Tue Nov 08 17:22:15 +0000 2016,796040147234148353,393,93116,60518,710990834972233728,Always_Trump,"RT @Always_Trump: WARNING:  PA ""Machine Malfunctions"" - if you vote STRAIGHT REP, it votes ALL DEM (why is it never the other way aro… ",32,50,1037582557,FogJohny
Tue Nov 08 17:37:38 +0000 2016,796044019600072704,Tue Nov 08 17:22:15 +0000 2016,796040147234148353,397,93116,60518,710990834972233728,Always_Trump,"RT @Always_Trump: WARNING:  PA ""Machine Malfunctions"" - if you vote STRAIGHT REP, it votes ALL DEM (why is it never the other way aro… ",11,58,60946892,wheatley57
Tue Nov 08 17:37:54 +0000 2016,796044084871708672,Tue Nov 08 17:22:15 +0000 2016,796040147234148353,400,93115,60520,710990834972233728,Always_Trump,"RT @Always_Trump: WARNING:  PA ""Machine Malfunctions"" - if you vote STRAIGHT REP, it votes ALL DEM (why is it never the other way aro… ",1089,1319,713781393684369408,SonicDeanBoom
Tue Nov 08 17:38:02 +0000 2016,796044117428015104,Tue Nov 08 17:22:15 +0000 2016,796040147234148353,402,93117,60518,710990834972233728,Always_Trump,"RT @Always_Trump: WARNING:  PA ""Machine Malfunctions"" - if you vote STRAIGHT REP, it votes ALL DEM (why is it never the other way aro… ",40,65,3785251233,whos_daniel
Tue Nov 08 17:38:02 +0000 2016,796044117608435713,Tue Nov 08 17:22:15 +0000 2016,796040147234148353,402,93117,60518,710990834972233728,Always_Trump,"RT @Always_Trump: WARNING:  PA ""Machine Malfunctions"" - if you vote STRAIGHT REP, it votes ALL DEM (why is it never the other way aro… ",26,37,3932612967,steve_millski
Tue Nov 08 17:38:12 +0000 2016,796044161942253568,Tue Nov 08 17:22:15 +0000 2016,796040147234148353,408,93117,60518,710990834972233728,Always_Trump,"RT @Always_Trump: WARNING:  PA ""Machine Malfunctions"" - if you vote STRAIGHT REP, it votes ALL DEM (why is it never the other way aro… ",12,52,2440656368,csg19401976
Tue Nov 08 17:38:14 +0000 2016,796044170527969284,Tue Nov 08 17:22:15 +0000 2016,796040147234148353,409,93117,60518,710990834972233728,Always_Trump,"RT @Always_Trump: WARNING:  PA ""Machine Malfunctions"" - if you vote STRAIGHT REP, it votes ALL DEM (why is it never the other way aro… ",11,77,777549182001418240,hondo514
Tue Nov 08 17:38:15 +0000 2016,796044175007510528,Tue Nov 08 17:22:15 +0000 2016,796040147234148353,410,93117,60518,710990834972233728,Always_Trump,"RT @Always_Trump: WARNING:  PA ""Machine Malfunctions"" - if you vote STRAIGHT REP, it votes ALL DEM (why is it never the other way aro… ",131,215,546385708,anglosax22
Tue Nov 08 17:38:26 +0000 2016,796044218129149952,Tue Nov 08 17:22:15 +0000 2016,796040147234148353,413,93117,60518,710990834972233728,Always_Trump,"RT @Always_Trump: WARNING:  PA ""Machine Malfunctions"" - if you vote STRAIGHT REP, it votes ALL DEM (why is it never the other way aro… ",284,1098,51408542,PiotrekWaw
Tue Nov 08 17:38:28 +0000 2016,796044229231386625,Tue Nov 08 17:22:15 +0000 2016,796040147234148353,414,93117,60518,710990834972233728,Always_Trump,"RT @Always_Trump: WARNING:  PA ""Machine Malfunctions"" - if you vote STRAIGHT REP, it votes ALL DEM (why is it never the other way aro… ",231,465,452579490,OutsiderCrowd
Tue Nov 08 17:38:38 +0000 2016,796044271266697216,Tue Nov 08 17:22:15 +0000 2016,796040147234148353,416,93117,60518,710990834972233728,Always_Trump,"RT @Always_Trump: WARNING:  PA ""Machine Malfunctions"" - if you vote STRAIGHT REP, it votes ALL DEM (why is it never the other way aro… ",51,133,117000654,JamisonSteele
Tue Nov 08 17:38:55 +0000 2016,796044340414058497,Tue Nov 08 17:22:15 +0000 2016,796040147234148353,422,93117,60518,710990834972233728,Always_Trump,"RT @Always_Trump: WARNING:  PA ""Machine Malfunctions"" - if you vote STRAIGHT REP, it votes ALL DEM (why is it never the other way aro… ",761,686,275690545,wisshann
Tue Nov 08 17:39:04 +0000 2016,796044380570349568,Tue Nov 08 17:22:15 +0000 2016,796040147234148353,425,93117,60518,710990834972233728,Always_Trump,"RT @Always_Trump: WARNING:  PA ""Machine Malfunctions"" - if you vote STRAIGHT REP, it votes ALL DEM (why is it never the other way aro… ",39,116,137028226,shthco
Tue Nov 08 17:39:07 +0000 2016,796044392784101376,Tue Nov 08 17:22:15 +0000 2016,796040147234148353,427,93117,60518,710990834972233728,Always_Trump,"RT @Always_Trump: WARNING:  PA ""Machine Malfunctions"" - if you vote STRAIGHT REP, it votes ALL DEM (why is it never the other way aro… ",761,275,1222028304,DesdeFlorida
Tue Nov 08 17:39:26 +0000 2016,796044473587249152,Tue Nov 08 17:22:15 +0000 2016,796040147234148353,432,93117,60520,710990834972233728,Always_Trump,"RT @Always_Trump: WARNING:  PA ""Machine Malfunctions"" - if you vote STRAIGHT REP, it votes ALL DEM (why is it never the other way aro… ",816,1180,752667268320866304,bubblesontop32
Tue Nov 08 17:39:38 +0000 2016,796044523344371713,Tue Nov 08 17:22:15 +0000 2016,796040147234148353,434,93120,60518,710990834972233728,Always_Trump,"RT @Always_Trump: WARNING:  PA ""Machine Malfunctions"" - if you vote STRAIGHT REP, it votes ALL DEM (why is it never the other way aro… ",321,204,413120558,qwerty91231
Tue Nov 08 17:39:45 +0000 2016,796044553220399104,Tue Nov 08 17:22:15 +0000 2016,796040147234148353,437,93120,60518,710990834972233728,Always_Trump,"RT @Always_Trump: WARNING:  PA ""Machine Malfunctions"" - if you vote STRAIGHT REP, it votes ALL DEM (why is it never the other way aro… ",1002,968,716745243719131137,ThAllenSBoucher
Tue Nov 08 17:40:08 +0000 2016,796044646585659392,Tue Nov 08 17:22:15 +0000 2016,796040147234148353,442,93121,60518,710990834972233728,Always_Trump,"RT @Always_Trump: WARNING:  PA ""Machine Malfunctions"" - if you vote STRAIGHT REP, it votes ALL DEM (why is it never the other way aro… ",633,1051,2777449438,mrslindalover
Tue Nov 08 17:40:12 +0000 2016,796044665317392389,Tue Nov 08 17:22:15 +0000 2016,796040147234148353,443,93122,60518,710990834972233728,Always_Trump,"RT @Always_Trump: WARNING:  PA ""Machine Malfunctions"" - if you vote STRAIGHT REP, it votes ALL DEM (why is it never the other way aro… ",302,284,1596761664,J_Mauc
Tue Nov 08 17:40:34 +0000 2016,796044757764046848,Tue Nov 08 17:22:15 +0000 2016,796040147234148353,445,93124,60518,710990834972233728,Always_Trump,"RT @Always_Trump: WARNING:  PA ""Machine Malfunctions"" - if you vote STRAIGHT REP, it votes ALL DEM (why is it never the other way aro… ",682,582,2369654078,DMMadora
Tue Nov 08 17:40:44 +0000 2016,796044799644233728,Tue Nov 08 17:22:15 +0000 2016,796040147234148353,448,93124,60518,710990834972233728,Always_Trump,"RT @Always_Trump: WARNING:  PA ""Machine Malfunctions"" - if you vote STRAIGHT REP, it votes ALL DEM (why is it never the other way aro… ",670,517,770249753409916928,starrbell14
Tue Nov 08 17:41:13 +0000 2016,796044922080165888,Tue Nov 08 17:22:15 +0000 2016,796040147234148353,456,93124,60518,710990834972233728,Always_Trump,"RT @Always_Trump: WARNING:  PA ""Machine Malfunctions"" - if you vote STRAIGHT REP, it votes ALL DEM (why is it never the other way aro… ",295,386,2380995036,hurbrough
Tue Nov 08 17:41:17 +0000 2016,796044938269995008,Tue Nov 08 17:22:15 +0000 2016,796040147234148353,459,93122,60520,710990834972233728,Always_Trump,"RT @Always_Trump: WARNING:  PA ""Machine Malfunctions"" - if you vote STRAIGHT REP, it votes ALL DEM (why is it never the other way aro… ",19,52,68343187,CoachBeth47
Tue Nov 08 17:41:22 +0000 2016,796044959199690752,Tue Nov 08 17:22:15 +0000 2016,796040147234148353,460,93125,60518,710990834972233728,Always_Trump,"RT @Always_Trump: WARNING:  PA ""Machine Malfunctions"" - if you vote STRAIGHT REP, it votes ALL DEM (why is it never the other way aro… ",1607,2136,47841147,DoublePTX
Tue Nov 08 17:41:23 +0000 2016,796044963993845760,Tue Nov 08 17:22:15 +0000 2016,796040147234148353,461,93125,60518,710990834972233728,Always_Trump,"RT @Always_Trump: WARNING:  PA ""Machine Malfunctions"" - if you vote STRAIGHT REP, it votes ALL DEM (why is it never the other way aro… ",410,90,560796972,DawnHunterton
Tue Nov 08 17:41:25 +0000 2016,796044971610636288,Tue Nov 08 17:22:15 +0000 2016,796040147234148353,462,93125,60518,710990834972233728,Always_Trump,"RT @Always_Trump: WARNING:  PA ""Machine Malfunctions"" - if you vote STRAIGHT REP, it votes ALL DEM (why is it never the other way aro… ",176,472,49826596,RIChopper
Tue Nov 08 17:41:27 +0000 2016,796044980829782017,Tue Nov 08 17:22:15 +0000 2016,796040147234148353,463,93125,60518,710990834972233728,Always_Trump,"RT @Always_Trump: WARNING:  PA ""Machine Malfunctions"" - if you vote STRAIGHT REP, it votes ALL DEM (why is it never the other way aro… ",772,1015,314827641,shybambi83
Tue Nov 08 17:41:33 +0000 2016,796045006201094144,Tue Nov 08 17:22:15 +0000 2016,796040147234148353,465,93126,60518,710990834972233728,Always_Trump,"RT @Always_Trump: WARNING:  PA ""Machine Malfunctions"" - if you vote STRAIGHT REP, it votes ALL DEM (why is it never the other way aro… ",77,139,784419747270004737,7tips1
Tue Nov 08 17:41:58 +0000 2016,796045109997359104,Tue Nov 08 17:22:15 +0000 2016,796040147234148353,468,93127,60520,710990834972233728,Always_Trump,"RT @Always_Trump: WARNING:  PA ""Machine Malfunctions"" - if you vote STRAIGHT REP, it votes ALL DEM (why is it never the other way aro… ",504,474,2155448358,HillaryBeDamned
Tue Nov 08 17:42:11 +0000 2016,796045164527702016,Tue Nov 08 17:22:15 +0000 2016,796040147234148353,471,93130,60518,710990834972233728,Always_Trump,"RT @Always_Trump: WARNING:  PA ""Machine Malfunctions"" - if you vote STRAIGHT REP, it votes ALL DEM (why is it never the other way aro… ",1257,2738,1337338321,mamat1000
Tue Nov 08 17:42:13 +0000 2016,796045173063032833,Tue Nov 08 17:22:15 +0000 2016,796040147234148353,473,93130,60518,710990834972233728,Always_Trump,"RT @Always_Trump: WARNING:  PA ""Machine Malfunctions"" - if you vote STRAIGHT REP, it votes ALL DEM (why is it never the other way aro… ",116,422,792425731544547328,cajunsoulfire74
Tue Nov 08 17:42:31 +0000 2016,796045248241745921,Tue Nov 08 17:22:15 +0000 2016,796040147234148353,477,93130,60518,710990834972233728,Always_Trump,"RT @Always_Trump: WARNING:  PA ""Machine Malfunctions"" - if you vote STRAIGHT REP, it votes ALL DEM (why is it never the other way aro… ",35,73,1963325634,mhocker10
Tue Nov 08 17:42:31 +0000 2016,796045248808058885,Tue Nov 08 17:22:15 +0000 2016,796040147234148353,478,93130,60518,710990834972233728,Always_Trump,"RT @Always_Trump: WARNING:  PA ""Machine Malfunctions"" - if you vote STRAIGHT REP, it votes ALL DEM (why is it never the other way aro… ",66,83,158591411,Russdsh
Tue Nov 08 17:42:41 +0000 2016,796045290243551232,Tue Nov 08 17:22:15 +0000 2016,796040147234148353,480,93130,60518,710990834972233728,Always_Trump,"RT @Always_Trump: WARNING:  PA ""Machine Malfunctions"" - if you vote STRAIGHT REP, it votes ALL DEM (why is it never the other way aro… ",444,1516,712560570822746112,SharonCBurgin2
Tue Nov 08 17:42:55 +0000 2016,796045350351958016,Tue Nov 08 17:22:15 +0000 2016,796040147234148353,483,93128,60520,710990834972233728,Always_Trump,"RT @Always_Trump: WARNING:  PA ""Machine Malfunctions"" - if you vote STRAIGHT REP, it votes ALL DEM (why is it never the other way aro… ",665,227,787427214140723202,098James
Tue Nov 08 17:43:00 +0000 2016,796045370182733824,Tue Nov 08 17:22:15 +0000 2016,796040147234148353,484,93130,60518,710990834972233728,Always_Trump,"RT @Always_Trump: WARNING:  PA ""Machine Malfunctions"" - if you vote STRAIGHT REP, it votes ALL DEM (why is it never the other way aro… ",79,135,786025418709020672,chip_burns
Tue Nov 08 17:43:05 +0000 2016,796045392093835264,Tue Nov 08 17:22:15 +0000 2016,796040147234148353,486,93130,60518,710990834972233728,Always_Trump,"RT @Always_Trump: WARNING:  PA ""Machine Malfunctions"" - if you vote STRAIGHT REP, it votes ALL DEM (why is it never the other way aro… ",742,831,484905293,PerrySwainGard
Tue Nov 08 17:43:06 +0000 2016,796045395126349825,Tue Nov 08 17:22:15 +0000 2016,796040147234148353,487,93130,60518,710990834972233728,Always_Trump,"RT @Always_Trump: WARNING:  PA ""Machine Malfunctions"" - if you vote STRAIGHT REP, it votes ALL DEM (why is it never the other way aro… ",387,818,298034527,AvidreaderinVA
Tue Nov 08 17:43:24 +0000 2016,796045471575896064,Tue Nov 08 17:22:15 +0000 2016,796040147234148353,495,93130,60518,710990834972233728,Always_Trump,"RT @Always_Trump: WARNING:  PA ""Machine Malfunctions"" - if you vote STRAIGHT REP, it votes ALL DEM (why is it never the other way aro… ",29,70,715477912875479040,PersonAwake
Tue Nov 08 17:43:28 +0000 2016,796045488118177792,Tue Nov 08 17:22:15 +0000 2016,796040147234148353,496,93130,60518,710990834972233728,Always_Trump,"RT @Always_Trump: WARNING:  PA ""Machine Malfunctions"" - if you vote STRAIGHT REP, it votes ALL DEM (why is it never the other way aro… ",979,786,1357135723,emilykholcomb
Tue Nov 08 17:43:31 +0000 2016,796045500566880256,Tue Nov 08 17:22:15 +0000 2016,796040147234148353,497,93131,60518,710990834972233728,Always_Trump,"RT @Always_Trump: WARNING:  PA ""Machine Malfunctions"" - if you vote STRAIGHT REP, it votes ALL DEM (why is it never the other way aro… ",1194,1085,1722891991,BossyAmerican2
Tue Nov 08 17:43:32 +0000 2016,796045505176465410,Tue Nov 08 17:22:15 +0000 2016,796040147234148353,498,93131,60518,710990834972233728,Always_Trump,"RT @Always_Trump: WARNING:  PA ""Machine Malfunctions"" - if you vote STRAIGHT REP, it votes ALL DEM (why is it never the other way aro… ",231,445,4076789116,CynthiaMeyerson
Tue Nov 08 17:43:33 +0000 2016,796045508410310656,Tue Nov 08 17:22:15 +0000 2016,796040147234148353,500,93131,60518,710990834972233728,Always_Trump,"RT @Always_Trump: WARNING:  PA ""Machine Malfunctions"" - if you vote STRAIGHT REP, it votes ALL DEM (why is it never the other way aro… ",650,761,4216922654,tynes_linda
Tue Nov 08 17:43:47 +0000 2016,796045567298191360,Tue Nov 08 17:22:15 +0000 2016,796040147234148353,503,93130,60520,710990834972233728,Always_Trump,"RT @Always_Trump: WARNING:  PA ""Machine Malfunctions"" - if you vote STRAIGHT REP, it votes ALL DEM (why is it never the other way aro… ",628,561,1973546828,Mr_nfl_
Tue Nov 08 17:44:00 +0000 2016,796045622247886849,Tue Nov 08 17:22:15 +0000 2016,796040147234148353,505,93132,60518,710990834972233728,Always_Trump,"RT @Always_Trump: WARNING:  PA ""Machine Malfunctions"" - if you vote STRAIGHT REP, it votes ALL DEM (why is it never the other way aro… ",685,1814,602935385,_brett_grant_
Tue Nov 08 17:44:09 +0000 2016,796045660491423744,Tue Nov 08 17:22:15 +0000 2016,796040147234148353,507,93130,60520,710990834972233728,Always_Trump,"RT @Always_Trump: WARNING:  PA ""Machine Malfunctions"" - if you vote STRAIGHT REP, it votes ALL DEM (why is it never the other way aro… ",622,404,3009577536,psgcindy
Tue Nov 08 17:44:14 +0000 2016,796045677809795073,Tue Nov 08 17:22:15 +0000 2016,796040147234148353,508,93132,60518,710990834972233728,Always_Trump,"RT @Always_Trump: WARNING:  PA ""Machine Malfunctions"" - if you vote STRAIGHT REP, it votes ALL DEM (why is it never the other way aro… ",646,313,372463316,KatlinBrennan
Tue Nov 08 17:44:18 +0000 2016,796045695060832258,Tue Nov 08 17:22:15 +0000 2016,796040147234148353,510,93130,60520,710990834972233728,Always_Trump,"RT @Always_Trump: WARNING:  PA ""Machine Malfunctions"" - if you vote STRAIGHT REP, it votes ALL DEM (why is it never the other way aro… ",324,362,789172980676857856,HelpUsChangeUSA
Tue Nov 08 17:44:15 +0000 2016,796045685632204804,Tue Nov 08 17:22:15 +0000 2016,796040147234148353,509,93132,60518,710990834972233728,Always_Trump,"RT @Always_Trump: WARNING:  PA ""Machine Malfunctions"" - if you vote STRAIGHT REP, it votes ALL DEM (why is it never the other way aro… ",763,541,172970851,jennsright
Tue Nov 08 17:44:24 +0000 2016,796045722986643456,Tue Nov 08 17:22:15 +0000 2016,796040147234148353,514,93132,60518,710990834972233728,Always_Trump,"RT @Always_Trump: WARNING:  PA ""Machine Malfunctions"" - if you vote STRAIGHT REP, it votes ALL DEM (why is it never the other way aro… ",159,153,2432382067,ricardodegouve4
Tue Nov 08 17:44:20 +0000 2016,796045704649183232,Tue Nov 08 17:22:15 +0000 2016,796040147234148353,511,93132,60518,710990834972233728,Always_Trump,"RT @Always_Trump: WARNING:  PA ""Machine Malfunctions"" - if you vote STRAIGHT REP, it votes ALL DEM (why is it never the other way aro… ",180,371,18263606,DeplorableMeme
Tue Nov 08 17:44:37 +0000 2016,796045775138590720,Tue Nov 08 17:22:15 +0000 2016,796040147234148353,517,93133,60518,710990834972233728,Always_Trump,"RT @Always_Trump: WARNING:  PA ""Machine Malfunctions"" - if you vote STRAIGHT REP, it votes ALL DEM (why is it never the other way aro… ",123,151,702336786505203712,McintireColleen
Tue Nov 08 17:45:03 +0000 2016,796045883267805185,Tue Nov 08 17:22:15 +0000 2016,796040147234148353,523,93133,60518,710990834972233728,Always_Trump,"RT @Always_Trump: WARNING:  PA ""Machine Malfunctions"" - if you vote STRAIGHT REP, it votes ALL DEM (why is it never the other way aro… ",176,224,757723942178004993,MyInfo76880872
Tue Nov 08 17:45:06 +0000 2016,796045899361230848,Tue Nov 08 17:22:15 +0000 2016,796040147234148353,526,93131,60520,710990834972233728,Always_Trump,"RT @Always_Trump: WARNING:  PA ""Machine Malfunctions"" - if you vote STRAIGHT REP, it votes ALL DEM (why is it never the other way aro… ",69,201,742398772248862721,ChristineIs43
Tue Nov 08 17:45:24 +0000 2016,796045974871285760,Tue Nov 08 17:22:15 +0000 2016,796040147234148353,529,93132,60520,710990834972233728,Always_Trump,"RT @Always_Trump: WARNING:  PA ""Machine Malfunctions"" - if you vote STRAIGHT REP, it votes ALL DEM (why is it never the other way aro… ",722,1054,885689898,plowman_robert
Tue Nov 08 17:45:28 +0000 2016,796045991141064705,Tue Nov 08 17:22:15 +0000 2016,796040147234148353,532,93134,60518,710990834972233728,Always_Trump,"RT @Always_Trump: WARNING:  PA ""Machine Malfunctions"" - if you vote STRAIGHT REP, it votes ALL DEM (why is it never the other way aro… ",446,498,474350662,BillStricklin
Tue Nov 08 17:45:36 +0000 2016,796046024401940480,Tue Nov 08 17:22:15 +0000 2016,796040147234148353,533,93134,60518,710990834972233728,Always_Trump,"RT @Always_Trump: WARNING:  PA ""Machine Malfunctions"" - if you vote STRAIGHT REP, it votes ALL DEM (why is it never the other way aro… ",1095,2016,3231091745,CarolGraceWood1
Tue Nov 08 17:45:37 +0000 2016,796046025806979073,Tue Nov 08 17:22:15 +0000 2016,796040147234148353,534,93134,60518,710990834972233728,Always_Trump,"RT @Always_Trump: WARNING:  PA ""Machine Malfunctions"" - if you vote STRAIGHT REP, it votes ALL DEM (why is it never the other way aro… ",222,294,355072080,Presley_98
Tue Nov 08 17:45:40 +0000 2016,796046041846050816,Tue Nov 08 17:22:15 +0000 2016,796040147234148353,536,93134,60518,710990834972233728,Always_Trump,"RT @Always_Trump: WARNING:  PA ""Machine Malfunctions"" - if you vote STRAIGHT REP, it votes ALL DEM (why is it never the other way aro… ",223,980,1272873163,dandsking
Tue Nov 08 17:46:04 +0000 2016,796046141930487808,Tue Nov 08 17:22:15 +0000 2016,796040147234148353,539,93135,60518,710990834972233728,Always_Trump,"RT @Always_Trump: WARNING:  PA ""Machine Malfunctions"" - if you vote STRAIGHT REP, it votes ALL DEM (why is it never the other way aro… ",1385,1897,3239739028,ddendz
Tue Nov 08 17:46:13 +0000 2016,796046180677521409,Tue Nov 08 17:22:15 +0000 2016,796040147234148353,542,93135,60518,710990834972233728,Always_Trump,"RT @Always_Trump: WARNING:  PA ""Machine Malfunctions"" - if you vote STRAIGHT REP, it votes ALL DEM (why is it never the other way aro… ",533,348,4833795550,Jules4ndDavis
Tue Nov 08 17:46:20 +0000 2016,796046209605455872,Tue Nov 08 17:22:15 +0000 2016,796040147234148353,546,93133,60520,710990834972233728,Always_Trump,"RT @Always_Trump: WARNING:  PA ""Machine Malfunctions"" - if you vote STRAIGHT REP, it votes ALL DEM (why is it never the other way aro… ",28,48,786063910248079361,Jenectka
Tue Nov 08 17:46:27 +0000 2016,796046238256922624,Tue Nov 08 17:22:15 +0000 2016,796040147234148353,547,93135,60518,710990834972233728,Always_Trump,"RT @Always_Trump: WARNING:  PA ""Machine Malfunctions"" - if you vote STRAIGHT REP, it votes ALL DEM (why is it never the other way aro… ",337,322,1961011867,LorgieNY
Tue Nov 08 17:46:48 +0000 2016,796046327260053505,Tue Nov 08 17:22:15 +0000 2016,796040147234148353,550,93135,60518,710990834972233728,Always_Trump,"RT @Always_Trump: WARNING:  PA ""Machine Malfunctions"" - if you vote STRAIGHT REP, it votes ALL DEM (why is it never the other way aro… ",1620,446,1231055906,love_icydelight
Tue Nov 08 17:46:58 +0000 2016,796046368318115840,Tue Nov 08 17:22:15 +0000 2016,796040147234148353,552,93135,60518,710990834972233728,Always_Trump,"RT @Always_Trump: WARNING:  PA ""Machine Malfunctions"" - if you vote STRAIGHT REP, it votes ALL DEM (why is it never the other way aro… ",75,58,1938264348,pjprather
Tue Nov 08 17:47:01 +0000 2016,796046382092140544,Tue Nov 08 17:22:15 +0000 2016,796040147234148353,554,93135,60518,710990834972233728,Always_Trump,"RT @Always_Trump: WARNING:  PA ""Machine Malfunctions"" - if you vote STRAIGHT REP, it votes ALL DEM (why is it never the other way aro… ",1268,621,2297127124,GianPiran
Tue Nov 08 17:47:19 +0000 2016,796046456507404289,Tue Nov 08 17:22:15 +0000 2016,796040147234148353,555,93133,60520,710990834972233728,Always_Trump,"RT @Always_Trump: WARNING:  PA ""Machine Malfunctions"" - if you vote STRAIGHT REP, it votes ALL DEM (why is it never the other way aro… ",88,62,728582220,BrandonDiplock
Tue Nov 08 17:47:54 +0000 2016,796046603484352512,Tue Nov 08 17:22:15 +0000 2016,796040147234148353,559,93135,60518,710990834972233728,Always_Trump,"RT @Always_Trump: WARNING:  PA ""Machine Malfunctions"" - if you vote STRAIGHT REP, it votes ALL DEM (why is it never the other way aro… ",5080,3919,224732878,dembigmouthdems
Tue Nov 08 17:47:58 +0000 2016,796046621008134148,Tue Nov 08 17:22:15 +0000 2016,796040147234148353,560,93135,60518,710990834972233728,Always_Trump,"RT @Always_Trump: WARNING:  PA ""Machine Malfunctions"" - if you vote STRAIGHT REP, it votes ALL DEM (why is it never the other way aro… ",133,236,786189934868701184,harden_beverly
Tue Nov 08 17:48:35 +0000 2016,796046775085924353,Tue Nov 08 17:22:15 +0000 2016,796040147234148353,562,93136,60518,710990834972233728,Always_Trump,"RT @Always_Trump: WARNING:  PA ""Machine Malfunctions"" - if you vote STRAIGHT REP, it votes ALL DEM (why is it never the other way aro… ",216,128,1837417136,elwood_jack
Tue Nov 08 17:48:40 +0000 2016,796046796669812737,Tue Nov 08 17:22:15 +0000 2016,796040147234148353,564,93136,60518,710990834972233728,Always_Trump,"RT @Always_Trump: WARNING:  PA ""Machine Malfunctions"" - if you vote STRAIGHT REP, it votes ALL DEM (why is it never the other way aro… ",24,73,285011286,leprofesseur100
Tue Nov 08 17:49:02 +0000 2016,796046887233212418,Tue Nov 08 17:22:15 +0000 2016,796040147234148353,574,93136,60518,710990834972233728,Always_Trump,"RT @Always_Trump: WARNING:  PA ""Machine Malfunctions"" - if you vote STRAIGHT REP, it votes ALL DEM (why is it never the other way aro… ",1253,1466,251497683,Grado779
Tue Nov 08 17:49:15 +0000 2016,796046942958710784,Tue Nov 08 17:22:15 +0000 2016,796040147234148353,576,93138,60518,710990834972233728,Always_Trump,"RT @Always_Trump: WARNING:  PA ""Machine Malfunctions"" - if you vote STRAIGHT REP, it votes ALL DEM (why is it never the other way aro… ",5582,295,419314910,ElenaChanelle
Tue Nov 08 17:49:23 +0000 2016,796046976882077696,Tue Nov 08 17:22:15 +0000 2016,796040147234148353,577,93136,60520,710990834972233728,Always_Trump,"RT @Always_Trump: WARNING:  PA ""Machine Malfunctions"" - if you vote STRAIGHT REP, it votes ALL DEM (why is it never the other way aro… ",5604,6156,502768722,SurferDi
Tue Nov 08 17:49:35 +0000 2016,796047027805290497,Tue Nov 08 17:22:15 +0000 2016,796040147234148353,583,93139,60518,710990834972233728,Always_Trump,"RT @Always_Trump: WARNING:  PA ""Machine Malfunctions"" - if you vote STRAIGHT REP, it votes ALL DEM (why is it never the other way aro… ",720,2177,514639148,cmurchisonn
Tue Nov 08 17:49:42 +0000 2016,796047055382642688,Tue Nov 08 17:22:15 +0000 2016,796040147234148353,586,93137,60520,710990834972233728,Always_Trump,"RT @Always_Trump: WARNING:  PA ""Machine Malfunctions"" - if you vote STRAIGHT REP, it votes ALL DEM (why is it never the other way aro… ",167,379,162220733,tinxtaxi
Tue Nov 08 17:49:56 +0000 2016,796047114707095553,Tue Nov 08 17:22:15 +0000 2016,796040147234148353,589,93139,60518,710990834972233728,Always_Trump,"RT @Always_Trump: WARNING:  PA ""Machine Malfunctions"" - if you vote STRAIGHT REP, it votes ALL DEM (why is it never the other way aro… ",6138,6689,828068220,BillionIndian
Tue Nov 08 17:50:11 +0000 2016,796047178443661313,Tue Nov 08 17:22:15 +0000 2016,796040147234148353,592,93139,60518,710990834972233728,Always_Trump,"RT @Always_Trump: WARNING:  PA ""Machine Malfunctions"" - if you vote STRAIGHT REP, it votes ALL DEM (why is it never the other way aro… ",599,2080,1031346560,oqven
Tue Nov 08 17:50:15 +0000 2016,796047194566627329,Tue Nov 08 17:22:15 +0000 2016,796040147234148353,594,93139,60518,710990834972233728,Always_Trump,"RT @Always_Trump: WARNING:  PA ""Machine Malfunctions"" - if you vote STRAIGHT REP, it votes ALL DEM (why is it never the other way aro… ",11037,1437,1453418317,JoshNoneYaBiz
Tue Nov 08 17:50:24 +0000 2016,796047232848035840,Tue Nov 08 17:22:15 +0000 2016,796040147234148353,596,93139,60518,710990834972233728,Always_Trump,"RT @Always_Trump: WARNING:  PA ""Machine Malfunctions"" - if you vote STRAIGHT REP, it votes ALL DEM (why is it never the other way aro… ",176,287,705406717308174336,superkel1122
Tue Nov 08 17:50:31 +0000 2016,796047262531067904,Tue Nov 08 17:22:15 +0000 2016,796040147234148353,598,93139,60518,710990834972233728,Always_Trump,"RT @Always_Trump: WARNING:  PA ""Machine Malfunctions"" - if you vote STRAIGHT REP, it votes ALL DEM (why is it never the other way aro… ",1364,366,1643167080,SusieLukas
Tue Nov 08 17:50:33 +0000 2016,796047270592573440,Tue Nov 08 17:22:15 +0000 2016,796040147234148353,599,93139,60518,710990834972233728,Always_Trump,"RT @Always_Trump: WARNING:  PA ""Machine Malfunctions"" - if you vote STRAIGHT REP, it votes ALL DEM (why is it never the other way aro… ",906,378,473943335,Jessica_TVfan
Tue Nov 08 17:51:03 +0000 2016,796047397168283648,Tue Nov 08 17:22:15 +0000 2016,796040147234148353,603,93139,60518,710990834972233728,Always_Trump,"RT @Always_Trump: WARNING:  PA ""Machine Malfunctions"" - if you vote STRAIGHT REP, it votes ALL DEM (why is it never the other way aro… ",157,235,2956972107,missybis_cathy
Tue Nov 08 17:51:17 +0000 2016,796047454621859840,Tue Nov 08 17:22:15 +0000 2016,796040147234148353,604,93139,60518,710990834972233728,Always_Trump,"RT @Always_Trump: WARNING:  PA ""Machine Malfunctions"" - if you vote STRAIGHT REP, it votes ALL DEM (why is it never the other way aro… ",182,218,1332895716,HinshawKimberly
Tue Nov 08 17:51:22 +0000 2016,796047476407042048,Tue Nov 08 17:22:15 +0000 2016,796040147234148353,605,93139,60518,710990834972233728,Always_Trump,"RT @Always_Trump: WARNING:  PA ""Machine Malfunctions"" - if you vote STRAIGHT REP, it votes ALL DEM (why is it never the other way aro… ",12,0,789532077695741952,Thundergrips
Tue Nov 08 17:51:42 +0000 2016,796047559437537280,Tue Nov 08 17:22:15 +0000 2016,796040147234148353,609,93139,60518,710990834972233728,Always_Trump,"RT @Always_Trump: WARNING:  PA ""Machine Malfunctions"" - if you vote STRAIGHT REP, it votes ALL DEM (why is it never the other way aro… ",1226,1442,15978463,jeweltyme
Tue Nov 08 17:52:04 +0000 2016,796047652928491520,Tue Nov 08 17:22:15 +0000 2016,796040147234148353,613,93139,60518,710990834972233728,Always_Trump,"RT @Always_Trump: WARNING:  PA ""Machine Malfunctions"" - if you vote STRAIGHT REP, it votes ALL DEM (why is it never the other way aro… ",7,327,704041286752411648,Tinasheets7
Tue Nov 08 17:52:07 +0000 2016,796047664399822848,Tue Nov 08 17:22:15 +0000 2016,796040147234148353,615,93137,60520,710990834972233728,Always_Trump,"RT @Always_Trump: WARNING:  PA ""Machine Malfunctions"" - if you vote STRAIGHT REP, it votes ALL DEM (why is it never the other way aro… ",22,188,1916185393,Jarod23409143
Tue Nov 08 17:52:07 +0000 2016,796047664815153153,Tue Nov 08 17:22:15 +0000 2016,796040147234148353,616,93139,60518,710990834972233728,Always_Trump,"RT @Always_Trump: WARNING:  PA ""Machine Malfunctions"" - if you vote STRAIGHT REP, it votes ALL DEM (why is it never the other way aro… ",696,1340,777510,kimsanjulian
Tue Nov 08 17:52:23 +0000 2016,796047731865358336,Tue Nov 08 17:22:15 +0000 2016,796040147234148353,619,93139,60518,710990834972233728,Always_Trump,"RT @Always_Trump: WARNING:  PA ""Machine Malfunctions"" - if you vote STRAIGHT REP, it votes ALL DEM (why is it never the other way aro… ",5334,5777,3126563358,LTGRIGSBY
Tue Nov 08 17:52:27 +0000 2016,796047749242306560,Tue Nov 08 17:22:15 +0000 2016,796040147234148353,621,93140,60518,710990834972233728,Always_Trump,"RT @Always_Trump: WARNING:  PA ""Machine Malfunctions"" - if you vote STRAIGHT REP, it votes ALL DEM (why is it never the other way aro… ",119,459,562364861,krosettie
Tue Nov 08 17:52:37 +0000 2016,796047790451236864,Tue Nov 08 17:22:15 +0000 2016,796040147234148353,622,93138,60520,710990834972233728,Always_Trump,"RT @Always_Trump: WARNING:  PA ""Machine Malfunctions"" - if you vote STRAIGHT REP, it votes ALL DEM (why is it never the other way aro… ",3,9,794281396353187840,SerialPatriot
Tue Nov 08 17:52:48 +0000 2016,796047837607956480,Tue Nov 08 17:22:15 +0000 2016,796040147234148353,627,93140,60518,710990834972233728,Always_Trump,"RT @Always_Trump: WARNING:  PA ""Machine Malfunctions"" - if you vote STRAIGHT REP, it votes ALL DEM (why is it never the other way aro… ",27,105,734353341321490433,Nubbinjub13
Tue Nov 08 17:53:23 +0000 2016,796047983217438725,Tue Nov 08 17:22:15 +0000 2016,796040147234148353,633,93141,60518,710990834972233728,Always_Trump,"RT @Always_Trump: WARNING:  PA ""Machine Malfunctions"" - if you vote STRAIGHT REP, it votes ALL DEM (why is it never the other way aro… ",251,158,758010931452350465,Ir2much4u
Tue Nov 08 17:53:55 +0000 2016,796048116990509056,Tue Nov 08 17:22:15 +0000 2016,796040147234148353,637,93141,60518,710990834972233728,Always_Trump,"RT @Always_Trump: WARNING:  PA ""Machine Malfunctions"" - if you vote STRAIGHT REP, it votes ALL DEM (why is it never the other way aro… ",627,225,199395341,ayurvedaMIA
Tue Nov 08 17:54:30 +0000 2016,796048264151834625,Tue Nov 08 17:22:15 +0000 2016,796040147234148353,644,93142,60518,710990834972233728,Always_Trump,"RT @Always_Trump: WARNING:  PA ""Machine Malfunctions"" - if you vote STRAIGHT REP, it votes ALL DEM (why is it never the other way aro… ",805,576,26254723,GarysHouse
Tue Nov 08 17:54:31 +0000 2016,796048268614455296,Tue Nov 08 17:22:15 +0000 2016,796040147234148353,645,93140,60520,710990834972233728,Always_Trump,"RT @Always_Trump: WARNING:  PA ""Machine Malfunctions"" - if you vote STRAIGHT REP, it votes ALL DEM (why is it never the other way aro… ",4,20,2318124054,richwolf58
Tue Nov 08 17:55:07 +0000 2016,796048419588608000,Tue Nov 08 17:22:15 +0000 2016,796040147234148353,648,93143,60518,710990834972233728,Always_Trump,"RT @Always_Trump: WARNING:  PA ""Machine Malfunctions"" - if you vote STRAIGHT REP, it votes ALL DEM (why is it never the other way aro… ",77,114,722755481119416320,MyInfoJen1
Tue Nov 08 17:55:41 +0000 2016,796048562882772992,Tue Nov 08 17:22:15 +0000 2016,796040147234148353,650,93144,60518,710990834972233728,Always_Trump,"RT @Always_Trump: WARNING:  PA ""Machine Malfunctions"" - if you vote STRAIGHT REP, it votes ALL DEM (why is it never the other way aro… ",248,292,902292420,maragold12
Tue Nov 08 17:55:48 +0000 2016,796048588484780033,Tue Nov 08 17:22:15 +0000 2016,796040147234148353,652,93144,60518,710990834972233728,Always_Trump,"RT @Always_Trump: WARNING:  PA ""Machine Malfunctions"" - if you vote STRAIGHT REP, it votes ALL DEM (why is it never the other way aro… ",955,913,742057349217681409,shashanj60
Tue Nov 08 17:55:55 +0000 2016,796048620353159168,Tue Nov 08 17:22:15 +0000 2016,796040147234148353,656,93144,60518,710990834972233728,Always_Trump,"RT @Always_Trump: WARNING:  PA ""Machine Malfunctions"" - if you vote STRAIGHT REP, it votes ALL DEM (why is it never the other way aro… ",402,33,891115592,RainyThursday1
Tue Nov 08 17:56:09 +0000 2016,796048679769612288,Tue Nov 08 17:22:15 +0000 2016,796040147234148353,657,93144,60518,710990834972233728,Always_Trump,"RT @Always_Trump: WARNING:  PA ""Machine Malfunctions"" - if you vote STRAIGHT REP, it votes ALL DEM (why is it never the other way aro… ",2033,1669,2884603973,GwnnethA
Tue Nov 08 17:56:39 +0000 2016,796048805850415104,Tue Nov 08 17:22:15 +0000 2016,796040147234148353,660,93145,60518,710990834972233728,Always_Trump,"RT @Always_Trump: WARNING:  PA ""Machine Malfunctions"" - if you vote STRAIGHT REP, it votes ALL DEM (why is it never the other way aro… ",501,713,703362216477655040,LeeMcCourt2
Tue Nov 08 17:57:36 +0000 2016,796049045005467648,Tue Nov 08 17:22:15 +0000 2016,796040147234148353,667,93146,60518,710990834972233728,Always_Trump,"RT @Always_Trump: WARNING:  PA ""Machine Malfunctions"" - if you vote STRAIGHT REP, it votes ALL DEM (why is it never the other way aro… ",50,169,778642610244190208,JRknickolas
Tue Nov 08 17:57:44 +0000 2016,796049078622662656,Tue Nov 08 17:22:15 +0000 2016,796040147234148353,670,93144,60520,710990834972233728,Always_Trump,"RT @Always_Trump: WARNING:  PA ""Machine Malfunctions"" - if you vote STRAIGHT REP, it votes ALL DEM (why is it never the other way aro… ",183,299,343018585,slvrbllt7
Tue Nov 08 17:58:09 +0000 2016,796049183081897984,Tue Nov 08 17:22:15 +0000 2016,796040147234148353,675,93147,60518,710990834972233728,Always_Trump,"RT @Always_Trump: WARNING:  PA ""Machine Malfunctions"" - if you vote STRAIGHT REP, it votes ALL DEM (why is it never the other way aro… ",808,1053,2158994620,kthedefused
Tue Nov 08 17:58:10 +0000 2016,796049184017305600,Tue Nov 08 17:22:15 +0000 2016,796040147234148353,676,93147,60518,710990834972233728,Always_Trump,"RT @Always_Trump: WARNING:  PA ""Machine Malfunctions"" - if you vote STRAIGHT REP, it votes ALL DEM (why is it never the other way aro… ",159,86,1542240896,bmcmeg04
Tue Nov 08 17:58:16 +0000 2016,796049211540250624,Tue Nov 08 17:22:15 +0000 2016,796040147234148353,678,93147,60518,710990834972233728,Always_Trump,"RT @Always_Trump: WARNING:  PA ""Machine Malfunctions"" - if you vote STRAIGHT REP, it votes ALL DEM (why is it never the other way aro… ",5640,4839,41109410,suziique03
Tue Nov 08 17:58:45 +0000 2016,796049332793282560,Tue Nov 08 17:22:15 +0000 2016,796040147234148353,684,93146,60520,710990834972233728,Always_Trump,"RT @Always_Trump: WARNING:  PA ""Machine Malfunctions"" - if you vote STRAIGHT REP, it votes ALL DEM (why is it never the other way aro… ",11817,12932,3927572774,hale4jesus
Tue Nov 08 17:58:47 +0000 2016,796049342146572288,Tue Nov 08 17:22:15 +0000 2016,796040147234148353,685,93146,60520,710990834972233728,Always_Trump,"RT @Always_Trump: WARNING:  PA ""Machine Malfunctions"" - if you vote STRAIGHT REP, it votes ALL DEM (why is it never the other way aro… ",410,273,703307280528183296,Rabidtwinkie77
Tue Nov 08 17:59:04 +0000 2016,796049413990821888,Tue Nov 08 17:22:15 +0000 2016,796040147234148353,688,93147,60520,710990834972233728,Always_Trump,"RT @Always_Trump: WARNING:  PA ""Machine Malfunctions"" - if you vote STRAIGHT REP, it votes ALL DEM (why is it never the other way aro… ",3,52,929958378,galleydiana5
Tue Nov 08 17:59:25 +0000 2016,796049501827891200,Tue Nov 08 17:22:15 +0000 2016,796040147234148353,695,93147,60520,710990834972233728,Always_Trump,"RT @Always_Trump: WARNING:  PA ""Machine Malfunctions"" - if you vote STRAIGHT REP, it votes ALL DEM (why is it never the other way aro… ",1736,1712,352900778,Trump_Landslide
Tue Nov 08 17:59:25 +0000 2016,796049501832282113,Tue Nov 08 17:22:15 +0000 2016,796040147234148353,695,93149,60518,710990834972233728,Always_Trump,"RT @Always_Trump: WARNING:  PA ""Machine Malfunctions"" - if you vote STRAIGHT REP, it votes ALL DEM (why is it never the other way aro… ",81,118,789851520464486400,tbirdsmama
Tue Nov 08 17:59:28 +0000 2016,796049511667920896,Tue Nov 08 17:22:15 +0000 2016,796040147234148353,698,93149,60518,710990834972233728,Always_Trump,"RT @Always_Trump: WARNING:  PA ""Machine Malfunctions"" - if you vote STRAIGHT REP, it votes ALL DEM (why is it never the other way aro… ",810,1133,48467882,rottiefreek
Tue Nov 08 17:59:55 +0000 2016,796049628227571712,Tue Nov 08 17:22:15 +0000 2016,796040147234148353,701,93151,60518,710990834972233728,Always_Trump,"RT @Always_Trump: WARNING:  PA ""Machine Malfunctions"" - if you vote STRAIGHT REP, it votes ALL DEM (why is it never the other way aro… ",558,189,4093971808,LoriCerisano
Tue Nov 08 18:00:01 +0000 2016,796049652453883905,Tue Nov 08 17:22:15 +0000 2016,796040147234148353,704,93151,60518,710990834972233728,Always_Trump,"RT @Always_Trump: WARNING:  PA ""Machine Malfunctions"" - if you vote STRAIGHT REP, it votes ALL DEM (why is it never the other way aro… ",3148,5001,751482605334241280,TeamTrumpTeX
Tue Nov 08 18:00:09 +0000 2016,796049685853175811,Tue Nov 08 17:22:15 +0000 2016,796040147234148353,706,93151,60518,710990834972233728,Always_Trump,"RT @Always_Trump: WARNING:  PA ""Machine Malfunctions"" - if you vote STRAIGHT REP, it votes ALL DEM (why is it never the other way aro… ",1971,3968,755792328762257409,USMClavadog
Tue Nov 08 18:00:18 +0000 2016,796049723929034752,Tue Nov 08 17:22:15 +0000 2016,796040147234148353,708,93151,60518,710990834972233728,Always_Trump,"RT @Always_Trump: WARNING:  PA ""Machine Malfunctions"" - if you vote STRAIGHT REP, it votes ALL DEM (why is it never the other way aro… ",805,3310,587783109,imacommi
Tue Nov 08 18:00:39 +0000 2016,796049812932136960,Tue Nov 08 17:22:15 +0000 2016,796040147234148353,709,93151,60518,710990834972233728,Always_Trump,"RT @Always_Trump: WARNING:  PA ""Machine Malfunctions"" - if you vote STRAIGHT REP, it votes ALL DEM (why is it never the other way aro… ",3148,5001,751482605334241280,TeamTrumpTeX
Tue Nov 08 18:00:40 +0000 2016,796049816606253056,Tue Nov 08 17:22:15 +0000 2016,796040147234148353,711,93149,60520,710990834972233728,Always_Trump,"RT @Always_Trump: WARNING:  PA ""Machine Malfunctions"" - if you vote STRAIGHT REP, it votes ALL DEM (why is it never the other way aro… ",998,1276,4831733671,enunn7
Tue Nov 08 18:00:42 +0000 2016,796049825347186688,Tue Nov 08 17:22:15 +0000 2016,796040147234148353,712,93149,60520,710990834972233728,Always_Trump,"RT @Always_Trump: WARNING:  PA ""Machine Malfunctions"" - if you vote STRAIGHT REP, it votes ALL DEM (why is it never the other way aro… ",41,88,931067412,jacquel25229231
Tue Nov 08 18:00:53 +0000 2016,796049871421706240,Tue Nov 08 17:22:15 +0000 2016,796040147234148353,716,93151,60518,710990834972233728,Always_Trump,"RT @Always_Trump: WARNING:  PA ""Machine Malfunctions"" - if you vote STRAIGHT REP, it votes ALL DEM (why is it never the other way aro… ",132,166,1957816716,PattiLaudan
Tue Nov 08 18:01:10 +0000 2016,796049939524702208,Tue Nov 08 17:22:15 +0000 2016,796040147234148353,718,93151,60518,710990834972233728,Always_Trump,"RT @Always_Trump: WARNING:  PA ""Machine Malfunctions"" - if you vote STRAIGHT REP, it votes ALL DEM (why is it never the other way aro… ",929,844,94877431,AURALLEN
Tue Nov 08 18:01:15 +0000 2016,796049962924703744,Tue Nov 08 17:22:15 +0000 2016,796040147234148353,720,93151,60518,710990834972233728,Always_Trump,"RT @Always_Trump: WARNING:  PA ""Machine Malfunctions"" - if you vote STRAIGHT REP, it votes ALL DEM (why is it never the other way aro… ",171,160,762693355285286912,HarryAnd7171
Tue Nov 08 18:01:24 +0000 2016,796050001126445056,Tue Nov 08 17:22:15 +0000 2016,796040147234148353,724,93151,60518,710990834972233728,Always_Trump,"RT @Always_Trump: WARNING:  PA ""Machine Malfunctions"" - if you vote STRAIGHT REP, it votes ALL DEM (why is it never the other way aro… ",196,429,739237283920912384,race4theoasis
Tue Nov 08 18:01:35 +0000 2016,796050046982750208,Tue Nov 08 17:22:15 +0000 2016,796040147234148353,725,93151,60518,710990834972233728,Always_Trump,"RT @Always_Trump: WARNING:  PA ""Machine Malfunctions"" - if you vote STRAIGHT REP, it votes ALL DEM (why is it never the other way aro… ",496,699,255756500,Steve4721076
Tue Nov 08 18:01:43 +0000 2016,796050080675536896,Tue Nov 08 17:22:15 +0000 2016,796040147234148353,726,93151,60518,710990834972233728,Always_Trump,"RT @Always_Trump: WARNING:  PA ""Machine Malfunctions"" - if you vote STRAIGHT REP, it votes ALL DEM (why is it never the other way aro… ",39,106,712379272724357120,lewysprince
Tue Nov 08 18:01:47 +0000 2016,796050094252494849,Tue Nov 08 17:22:15 +0000 2016,796040147234148353,727,93151,60518,710990834972233728,Always_Trump,"RT @Always_Trump: WARNING:  PA ""Machine Malfunctions"" - if you vote STRAIGHT REP, it votes ALL DEM (why is it never the other way aro… ",1098,733,90620291,bobd42
Tue Nov 08 18:03:27 +0000 2016,796050517650767873,Tue Nov 08 17:22:15 +0000 2016,796040147234148353,739,93156,60518,710990834972233728,Always_Trump,"RT @Always_Trump: WARNING:  PA ""Machine Malfunctions"" - if you vote STRAIGHT REP, it votes ALL DEM (why is it never the other way aro… ",1593,1673,711215011046105088,BigChumsDad
Tue Nov 08 18:03:50 +0000 2016,796050610265133057,Tue Nov 08 17:22:15 +0000 2016,796040147234148353,744,93157,60518,710990834972233728,Always_Trump,"RT @Always_Trump: WARNING:  PA ""Machine Malfunctions"" - if you vote STRAIGHT REP, it votes ALL DEM (why is it never the other way aro… ",80,491,2828127828,InLulzITrust
Tue Nov 08 18:04:13 +0000 2016,796050710190325764,Tue Nov 08 17:22:15 +0000 2016,796040147234148353,750,93157,60518,710990834972233728,Always_Trump,"RT @Always_Trump: WARNING:  PA ""Machine Malfunctions"" - if you vote STRAIGHT REP, it votes ALL DEM (why is it never the other way aro… ",2103,4907,701795670806687745,jihadjeff
Tue Nov 08 18:04:24 +0000 2016,796050756298215424,Tue Nov 08 17:22:15 +0000 2016,796040147234148353,752,93157,60518,710990834972233728,Always_Trump,"RT @Always_Trump: WARNING:  PA ""Machine Malfunctions"" - if you vote STRAIGHT REP, it votes ALL DEM (why is it never the other way aro… ",2158,2823,759791099455995904,leewhyt
Tue Nov 08 18:04:46 +0000 2016,796050848463917056,Tue Nov 08 17:22:15 +0000 2016,796040147234148353,754,93157,60518,710990834972233728,Always_Trump,"RT @Always_Trump: WARNING:  PA ""Machine Malfunctions"" - if you vote STRAIGHT REP, it votes ALL DEM (why is it never the other way aro… ",1009,1843,765306808978202626,TinaOrt79591465
Tue Nov 08 18:04:56 +0000 2016,796050889869885441,Tue Nov 08 17:22:15 +0000 2016,796040147234148353,756,93155,60520,710990834972233728,Always_Trump,"RT @Always_Trump: WARNING:  PA ""Machine Malfunctions"" - if you vote STRAIGHT REP, it votes ALL DEM (why is it never the other way aro… ",1322,997,154108144,aniIkuriakose
Tue Nov 08 18:05:20 +0000 2016,796050989837062144,Tue Nov 08 17:22:15 +0000 2016,796040147234148353,761,93158,60518,710990834972233728,Always_Trump,"RT @Always_Trump: WARNING:  PA ""Machine Malfunctions"" - if you vote STRAIGHT REP, it votes ALL DEM (why is it never the other way aro… ",96,156,781164237179813888,YahBoiMiz
Tue Nov 08 18:05:59 +0000 2016,796051154916417536,Tue Nov 08 17:22:15 +0000 2016,796040147234148353,766,93156,60520,710990834972233728,Always_Trump,"RT @Always_Trump: WARNING:  PA ""Machine Malfunctions"" - if you vote STRAIGHT REP, it votes ALL DEM (why is it never the other way aro… ",795,367,741420007876395008,NewWorldEnder
Tue Nov 08 18:06:03 +0000 2016,796051167956574208,Tue Nov 08 17:22:15 +0000 2016,796040147234148353,768,93158,60518,710990834972233728,Always_Trump,"RT @Always_Trump: WARNING:  PA ""Machine Malfunctions"" - if you vote STRAIGHT REP, it votes ALL DEM (why is it never the other way aro… ",293,815,232249578,irishjedi_1968
Tue Nov 08 18:06:07 +0000 2016,796051188533886976,Tue Nov 08 17:22:15 +0000 2016,796040147234148353,769,93158,60518,710990834972233728,Always_Trump,"RT @Always_Trump: WARNING:  PA ""Machine Malfunctions"" - if you vote STRAIGHT REP, it votes ALL DEM (why is it never the other way aro… ",267,246,278706086,jwolf73
Tue Nov 08 18:06:18 +0000 2016,796051234008563717,Tue Nov 08 17:22:15 +0000 2016,796040147234148353,772,93158,60518,710990834972233728,Always_Trump,"RT @Always_Trump: WARNING:  PA ""Machine Malfunctions"" - if you vote STRAIGHT REP, it votes ALL DEM (why is it never the other way aro… ",1245,997,3717452056,WellmanOne
Tue Nov 08 18:06:36 +0000 2016,796051309631852551,Tue Nov 08 17:22:15 +0000 2016,796040147234148353,775,93158,60518,710990834972233728,Always_Trump,"RT @Always_Trump: WARNING:  PA ""Machine Malfunctions"" - if you vote STRAIGHT REP, it votes ALL DEM (why is it never the other way aro… ",7,113,2270846532,aud_kump
Tue Nov 08 18:07:10 +0000 2016,796051452082823168,Tue Nov 08 17:22:15 +0000 2016,796040147234148353,777,93158,60520,710990834972233728,Always_Trump,"RT @Always_Trump: WARNING:  PA ""Machine Malfunctions"" - if you vote STRAIGHT REP, it votes ALL DEM (why is it never the other way aro… ",908,205,733866462796877824,Catdog2many
Tue Nov 08 18:07:16 +0000 2016,796051477751967744,Tue Nov 08 17:22:15 +0000 2016,796040147234148353,778,93158,60520,710990834972233728,Always_Trump,"RT @Always_Trump: WARNING:  PA ""Machine Malfunctions"" - if you vote STRAIGHT REP, it votes ALL DEM (why is it never the other way aro… ",5038,3064,16023914,Afterseven
Tue Nov 08 18:07:47 +0000 2016,796051607838490624,Tue Nov 08 17:22:15 +0000 2016,796040147234148353,780,93161,60518,710990834972233728,Always_Trump,"RT @Always_Trump: WARNING:  PA ""Machine Malfunctions"" - if you vote STRAIGHT REP, it votes ALL DEM (why is it never the other way aro… ",14,35,758356368625729536,PugPenelope
Tue Nov 08 18:07:54 +0000 2016,796051637047619584,Tue Nov 08 17:22:15 +0000 2016,796040147234148353,782,93161,60518,710990834972233728,Always_Trump,"RT @Always_Trump: WARNING:  PA ""Machine Malfunctions"" - if you vote STRAIGHT REP, it votes ALL DEM (why is it never the other way aro… ",161,109,2922231022,willa5789
Tue Nov 08 18:07:56 +0000 2016,796051642370129920,Tue Nov 08 17:22:15 +0000 2016,796040147234148353,783,93161,60518,710990834972233728,Always_Trump,"RT @Always_Trump: WARNING:  PA ""Machine Malfunctions"" - if you vote STRAIGHT REP, it votes ALL DEM (why is it never the other way aro… ",85,121,732742690870288384,Eire32Sovereign
Tue Nov 08 18:07:58 +0000 2016,796051653652643840,Tue Nov 08 17:22:15 +0000 2016,796040147234148353,785,93159,60520,710990834972233728,Always_Trump,"RT @Always_Trump: WARNING:  PA ""Machine Malfunctions"" - if you vote STRAIGHT REP, it votes ALL DEM (why is it never the other way aro… ",213,233,3179601120,annistondodson
Tue Nov 08 18:08:01 +0000 2016,796051665937907712,Tue Nov 08 17:22:15 +0000 2016,796040147234148353,786,93161,60518,710990834972233728,Always_Trump,"RT @Always_Trump: WARNING:  PA ""Machine Malfunctions"" - if you vote STRAIGHT REP, it votes ALL DEM (why is it never the other way aro… ",996,2524,856546831,DennisDMcGraw
Tue Nov 08 18:08:18 +0000 2016,796051738042265600,Tue Nov 08 17:22:15 +0000 2016,796040147234148353,792,93162,60518,710990834972233728,Always_Trump,"RT @Always_Trump: WARNING:  PA ""Machine Malfunctions"" - if you vote STRAIGHT REP, it votes ALL DEM (why is it never the other way aro… ",673,535,564985324,jus_Bustine1173
Tue Nov 08 18:08:26 +0000 2016,796051771542171648,Tue Nov 08 17:22:15 +0000 2016,796040147234148353,793,93162,60518,710990834972233728,Always_Trump,"RT @Always_Trump: WARNING:  PA ""Machine Malfunctions"" - if you vote STRAIGHT REP, it votes ALL DEM (why is it never the other way aro… ",5671,5142,39044562,nicholas51
Tue Nov 08 18:08:28 +0000 2016,796051780266291200,Tue Nov 08 17:22:15 +0000 2016,796040147234148353,794,93162,60518,710990834972233728,Always_Trump,"RT @Always_Trump: WARNING:  PA ""Machine Malfunctions"" - if you vote STRAIGHT REP, it votes ALL DEM (why is it never the other way aro… ",371,434,1038453378,tomaskaos6
Tue Nov 08 18:09:23 +0000 2016,796052010579750916,Tue Nov 08 17:22:15 +0000 2016,796040147234148353,802,93163,60518,710990834972233728,Always_Trump,"RT @Always_Trump: WARNING:  PA ""Machine Malfunctions"" - if you vote STRAIGHT REP, it votes ALL DEM (why is it never the other way aro… ",672,745,473511515,jocelynsimmers
Tue Nov 08 18:09:29 +0000 2016,796052035942621184,Tue Nov 08 17:22:15 +0000 2016,796040147234148353,804,93163,60518,710990834972233728,Always_Trump,"RT @Always_Trump: WARNING:  PA ""Machine Malfunctions"" - if you vote STRAIGHT REP, it votes ALL DEM (why is it never the other way aro… ",160,126,2672693279,dcbdbc770706431
Tue Nov 08 18:09:38 +0000 2016,796052072571478016,Tue Nov 08 17:22:15 +0000 2016,796040147234148353,807,93163,60518,710990834972233728,Always_Trump,"RT @Always_Trump: WARNING:  PA ""Machine Malfunctions"" - if you vote STRAIGHT REP, it votes ALL DEM (why is it never the other way aro… ",2068,2531,293795974,bowman409
Tue Nov 08 18:10:24 +0000 2016,796052266251943936,Tue Nov 08 17:22:15 +0000 2016,796040147234148353,812,93163,60518,710990834972233728,Always_Trump,"RT @Always_Trump: WARNING:  PA ""Machine Malfunctions"" - if you vote STRAIGHT REP, it votes ALL DEM (why is it never the other way aro… ",156,152,331349665,lidia_lidiadim
Tue Nov 08 18:10:33 +0000 2016,796052303945969664,Tue Nov 08 17:22:15 +0000 2016,796040147234148353,815,93161,60520,710990834972233728,Always_Trump,"RT @Always_Trump: WARNING:  PA ""Machine Malfunctions"" - if you vote STRAIGHT REP, it votes ALL DEM (why is it never the other way aro… ",1695,1864,1902827713,patechinois1
Tue Nov 08 18:10:45 +0000 2016,796052354223067136,Tue Nov 08 17:22:15 +0000 2016,796040147234148353,817,93161,60520,710990834972233728,Always_Trump,"RT @Always_Trump: WARNING:  PA ""Machine Malfunctions"" - if you vote STRAIGHT REP, it votes ALL DEM (why is it never the other way aro… ",806,1882,3243656034,HexezWork
Tue Nov 08 18:10:47 +0000 2016,796052359327744001,Tue Nov 08 17:22:15 +0000 2016,796040147234148353,818,93163,60518,710990834972233728,Always_Trump,"RT @Always_Trump: WARNING:  PA ""Machine Malfunctions"" - if you vote STRAIGHT REP, it votes ALL DEM (why is it never the other way aro… ",924,2557,25456537,tim26264
Tue Nov 08 18:10:48 +0000 2016,796052363874336770,Tue Nov 08 17:22:15 +0000 2016,796040147234148353,819,93163,60518,710990834972233728,Always_Trump,"RT @Always_Trump: WARNING:  PA ""Machine Malfunctions"" - if you vote STRAIGHT REP, it votes ALL DEM (why is it never the other way aro… ",36,35,751277313841520642,amanda_gerner
Tue Nov 08 18:10:56 +0000 2016,796052399651749888,Tue Nov 08 17:22:15 +0000 2016,796040147234148353,822,93163,60518,710990834972233728,Always_Trump,"RT @Always_Trump: WARNING:  PA ""Machine Malfunctions"" - if you vote STRAIGHT REP, it votes ALL DEM (why is it never the other way aro… ",367,324,973048903,camhaller27
Tue Nov 08 18:11:03 +0000 2016,796052430089842692,Tue Nov 08 17:22:15 +0000 2016,796040147234148353,824,93163,60518,710990834972233728,Always_Trump,"RT @Always_Trump: WARNING:  PA ""Machine Malfunctions"" - if you vote STRAIGHT REP, it votes ALL DEM (why is it never the other way aro… ",1145,216,701911021250854912,sandyowoo13
Tue Nov 08 18:11:27 +0000 2016,796052529897472000,Tue Nov 08 17:22:15 +0000 2016,796040147234148353,825,93164,60518,710990834972233728,Always_Trump,"RT @Always_Trump: WARNING:  PA ""Machine Malfunctions"" - if you vote STRAIGHT REP, it votes ALL DEM (why is it never the other way aro… ",906,1076,703995932048756736,patriotgirl53
Tue Nov 08 18:11:35 +0000 2016,796052563346931712,Tue Nov 08 17:22:15 +0000 2016,796040147234148353,826,93163,60520,710990834972233728,Always_Trump,"RT @Always_Trump: WARNING:  PA ""Machine Malfunctions"" - if you vote STRAIGHT REP, it votes ALL DEM (why is it never the other way aro… ",229,195,2583388820,BE6000
Tue Nov 08 18:11:49 +0000 2016,796052619307388931,Tue Nov 08 17:22:15 +0000 2016,796040147234148353,830,93165,60518,710990834972233728,Always_Trump,"RT @Always_Trump: WARNING:  PA ""Machine Malfunctions"" - if you vote STRAIGHT REP, it votes ALL DEM (why is it never the other way aro… ",754,492,3762035549,alanahoff144
Tue Nov 08 18:11:50 +0000 2016,796052626009952256,Tue Nov 08 17:22:15 +0000 2016,796040147234148353,831,93165,60518,710990834972233728,Always_Trump,"RT @Always_Trump: WARNING:  PA ""Machine Malfunctions"" - if you vote STRAIGHT REP, it votes ALL DEM (why is it never the other way aro… ",531,822,3135644715,BboydBob
Tue Nov 08 18:13:30 +0000 2016,796053046203678721,Tue Nov 08 17:22:15 +0000 2016,796040147234148353,844,93166,60518,710990834972233728,Always_Trump,"RT @Always_Trump: WARNING:  PA ""Machine Malfunctions"" - if you vote STRAIGHT REP, it votes ALL DEM (why is it never the other way aro… ",1022,2887,763718045227507712,BernieOctSurp
Tue Nov 08 18:13:54 +0000 2016,796053146233700352,Tue Nov 08 17:22:15 +0000 2016,796040147234148353,849,93168,60518,710990834972233728,Always_Trump,"RT @Always_Trump: WARNING:  PA ""Machine Malfunctions"" - if you vote STRAIGHT REP, it votes ALL DEM (why is it never the other way aro… ",626,968,728665425148452864,for_trum3
Tue Nov 08 18:13:54 +0000 2016,796053146300772352,Tue Nov 08 17:22:15 +0000 2016,796040147234148353,849,93168,60518,710990834972233728,Always_Trump,"RT @Always_Trump: WARNING:  PA ""Machine Malfunctions"" - if you vote STRAIGHT REP, it votes ALL DEM (why is it never the other way aro… ",95,218,763136216359329792,Ljtg4Ljtg
Tue Nov 08 18:14:53 +0000 2016,796053394049892352,Tue Nov 08 17:22:15 +0000 2016,796040147234148353,857,93168,60518,710990834972233728,Always_Trump,"RT @Always_Trump: WARNING:  PA ""Machine Malfunctions"" - if you vote STRAIGHT REP, it votes ALL DEM (why is it never the other way aro… ",1096,2074,885741559,JDE6321
Tue Nov 08 18:15:20 +0000 2016,796053506855727105,Tue Nov 08 17:22:15 +0000 2016,796040147234148353,862,93168,60518,710990834972233728,Always_Trump,"RT @Always_Trump: WARNING:  PA ""Machine Malfunctions"" - if you vote STRAIGHT REP, it votes ALL DEM (why is it never the other way aro… ",240,339,16552961,shannondavis
Tue Nov 08 18:16:12 +0000 2016,796053725857148928,Tue Nov 08 17:22:15 +0000 2016,796040147234148353,864,93169,60518,710990834972233728,Always_Trump,"RT @Always_Trump: WARNING:  PA ""Machine Malfunctions"" - if you vote STRAIGHT REP, it votes ALL DEM (why is it never the other way aro… ",192,218,100351450,Yehialy
Tue Nov 08 18:16:18 +0000 2016,796053750221664258,Tue Nov 08 17:22:15 +0000 2016,796040147234148353,865,93167,60520,710990834972233728,Always_Trump,"RT @Always_Trump: WARNING:  PA ""Machine Malfunctions"" - if you vote STRAIGHT REP, it votes ALL DEM (why is it never the other way aro… ",111,368,3592178123,fedup_m
Tue Nov 08 18:16:23 +0000 2016,796053771851853831,Tue Nov 08 17:22:15 +0000 2016,796040147234148353,866,93169,60518,710990834972233728,Always_Trump,"RT @Always_Trump: WARNING:  PA ""Machine Malfunctions"" - if you vote STRAIGHT REP, it votes ALL DEM (why is it never the other way aro… ",66,116,84641730,samyobox
Tue Nov 08 18:17:10 +0000 2016,796053969059586048,Tue Nov 08 17:22:15 +0000 2016,796040147234148353,870,93169,60518,710990834972233728,Always_Trump,"RT @Always_Trump: WARNING:  PA ""Machine Malfunctions"" - if you vote STRAIGHT REP, it votes ALL DEM (why is it never the other way aro… ",115,60,778377952081870848,DeplorableExDem
Tue Nov 08 18:17:15 +0000 2016,796053990270259204,Tue Nov 08 17:22:15 +0000 2016,796040147234148353,871,93169,60518,710990834972233728,Always_Trump,"RT @Always_Trump: WARNING:  PA ""Machine Malfunctions"" - if you vote STRAIGHT REP, it votes ALL DEM (why is it never the other way aro… ",35,109,898510778,Limerick_Lady
Tue Nov 08 18:17:17 +0000 2016,796053998474141696,Tue Nov 08 17:22:15 +0000 2016,796040147234148353,872,93167,60520,710990834972233728,Always_Trump,"RT @Always_Trump: WARNING:  PA ""Machine Malfunctions"" - if you vote STRAIGHT REP, it votes ALL DEM (why is it never the other way aro… ",2662,2648,29476670,jaeaa
Tue Nov 08 18:18:06 +0000 2016,796054203483426816,Tue Nov 08 17:22:15 +0000 2016,796040147234148353,874,93170,60518,710990834972233728,Always_Trump,"RT @Always_Trump: WARNING:  PA ""Machine Malfunctions"" - if you vote STRAIGHT REP, it votes ALL DEM (why is it never the other way aro… ",629,1257,4511278280,BruceHardboss
Tue Nov 08 18:18:26 +0000 2016,796054288212508672,Tue Nov 08 17:22:15 +0000 2016,796040147234148353,877,93168,60520,710990834972233728,Always_Trump,"RT @Always_Trump: WARNING:  PA ""Machine Malfunctions"" - if you vote STRAIGHT REP, it votes ALL DEM (why is it never the other way aro… ",419,597,4605549200,MatthewHrenak
Tue Nov 08 18:18:31 +0000 2016,796054308525580292,Tue Nov 08 17:22:15 +0000 2016,796040147234148353,878,93170,60518,710990834972233728,Always_Trump,"RT @Always_Trump: WARNING:  PA ""Machine Malfunctions"" - if you vote STRAIGHT REP, it votes ALL DEM (why is it never the other way aro… ",955,457,2204552464,Terryhk1Carter
Tue Nov 08 18:19:22 +0000 2016,796054522908901377,Tue Nov 08 17:22:15 +0000 2016,796040147234148353,882,93169,60520,710990834972233728,Always_Trump,"RT @Always_Trump: WARNING:  PA ""Machine Malfunctions"" - if you vote STRAIGHT REP, it votes ALL DEM (why is it never the other way aro… ",82,267,48293426,spinningrinding
Tue Nov 08 18:20:02 +0000 2016,796054687644532736,Tue Nov 08 17:22:15 +0000 2016,796040147234148353,888,93173,60519,710990834972233728,Always_Trump,"RT @Always_Trump: WARNING:  PA ""Machine Malfunctions"" - if you vote STRAIGHT REP, it votes ALL DEM (why is it never the other way aro… ",2541,3695,2412904026,BarbaraFilbeck
Tue Nov 08 18:20:01 +0000 2016,796054684410802176,Tue Nov 08 17:22:15 +0000 2016,796040147234148353,887,93173,60519,710990834972233728,Always_Trump,"RT @Always_Trump: WARNING:  PA ""Machine Malfunctions"" - if you vote STRAIGHT REP, it votes ALL DEM (why is it never the other way aro… ",640,630,19354935,Lanacb
Tue Nov 08 18:20:48 +0000 2016,796054883602432000,Tue Nov 08 17:22:15 +0000 2016,796040147234148353,891,93172,60522,710990834972233728,Always_Trump,"RT @Always_Trump: WARNING:  PA ""Machine Malfunctions"" - if you vote STRAIGHT REP, it votes ALL DEM (why is it never the other way aro… ",654,131,702649250027536385,RobertBelfi
Tue Nov 08 18:21:07 +0000 2016,796054963541528576,Tue Nov 08 17:22:15 +0000 2016,796040147234148353,892,93170,60524,710990834972233728,Always_Trump,"RT @Always_Trump: WARNING:  PA ""Machine Malfunctions"" - if you vote STRAIGHT REP, it votes ALL DEM (why is it never the other way aro… ",712,868,537449103,QuiltersArk
Tue Nov 08 18:21:24 +0000 2016,796055034018471938,Tue Nov 08 17:22:15 +0000 2016,796040147234148353,895,93170,60524,710990834972233728,Always_Trump,"RT @Always_Trump: WARNING:  PA ""Machine Malfunctions"" - if you vote STRAIGHT REP, it votes ALL DEM (why is it never the other way aro… ",507,244,227543172,GeoPatti2
Tue Nov 08 18:21:40 +0000 2016,796055101769187331,Tue Nov 08 17:22:15 +0000 2016,796040147234148353,898,93172,60522,710990834972233728,Always_Trump,"RT @Always_Trump: WARNING:  PA ""Machine Malfunctions"" - if you vote STRAIGHT REP, it votes ALL DEM (why is it never the other way aro… ",105,126,776585226214440960,Punk1952
Tue Nov 08 18:22:12 +0000 2016,796055234866978817,Tue Nov 08 17:22:15 +0000 2016,796040147234148353,900,93172,60522,710990834972233728,Always_Trump,"RT @Always_Trump: WARNING:  PA ""Machine Malfunctions"" - if you vote STRAIGHT REP, it votes ALL DEM (why is it never the other way aro… ",2503,3129,454243257,MorgantownWVGuy
Tue Nov 08 18:24:18 +0000 2016,796055763684913152,Tue Nov 08 17:22:15 +0000 2016,796040147234148353,907,93173,60522,710990834972233728,Always_Trump,"RT @Always_Trump: WARNING:  PA ""Machine Malfunctions"" - if you vote STRAIGHT REP, it votes ALL DEM (why is it never the other way aro… ",129,346,109057738,ragwed12
Tue Nov 08 18:24:18 +0000 2016,796055764251115520,Tue Nov 08 17:22:15 +0000 2016,796040147234148353,908,93173,60522,710990834972233728,Always_Trump,"RT @Always_Trump: WARNING:  PA ""Machine Malfunctions"" - if you vote STRAIGHT REP, it votes ALL DEM (why is it never the other way aro… ",399,561,48535609,NattyAnn489
Tue Nov 08 18:24:30 +0000 2016,796055814570123264,Tue Nov 08 17:22:15 +0000 2016,796040147234148353,909,93173,60522,710990834972233728,Always_Trump,"RT @Always_Trump: WARNING:  PA ""Machine Malfunctions"" - if you vote STRAIGHT REP, it votes ALL DEM (why is it never the other way aro… ",298,325,786645817905991680,TinaJ4Trump
Tue Nov 08 18:25:05 +0000 2016,796055960490037248,Tue Nov 08 17:22:15 +0000 2016,796040147234148353,913,93173,60522,710990834972233728,Always_Trump,"RT @Always_Trump: WARNING:  PA ""Machine Malfunctions"" - if you vote STRAIGHT REP, it votes ALL DEM (why is it never the other way aro… ",576,932,532757292,CClaudiabarry
Tue Nov 08 18:25:10 +0000 2016,796055982011011073,Tue Nov 08 17:22:15 +0000 2016,796040147234148353,914,93173,60522,710990834972233728,Always_Trump,"RT @Always_Trump: WARNING:  PA ""Machine Malfunctions"" - if you vote STRAIGHT REP, it votes ALL DEM (why is it never the other way aro… ",23,61,743568027237621760,mariecbeals
Tue Nov 08 18:26:24 +0000 2016,796056292406259712,Tue Nov 08 17:22:15 +0000 2016,796040147234148353,918,93173,60522,710990834972233728,Always_Trump,"RT @Always_Trump: WARNING:  PA ""Machine Malfunctions"" - if you vote STRAIGHT REP, it votes ALL DEM (why is it never the other way aro… ",177,380,16095454,DeplorableAnnie
Tue Nov 08 18:26:31 +0000 2016,796056321485373441,Tue Nov 08 17:22:15 +0000 2016,796040147234148353,919,93173,60522,710990834972233728,Always_Trump,"RT @Always_Trump: WARNING:  PA ""Machine Malfunctions"" - if you vote STRAIGHT REP, it votes ALL DEM (why is it never the other way aro… ",28,167,3084038139,tgverdin40
Tue Nov 08 18:26:42 +0000 2016,796056364678189057,Tue Nov 08 17:22:15 +0000 2016,796040147234148353,921,93171,60524,710990834972233728,Always_Trump,"RT @Always_Trump: WARNING:  PA ""Machine Malfunctions"" - if you vote STRAIGHT REP, it votes ALL DEM (why is it never the other way aro… ",205,140,2592216865,LegendaryMess
Tue Nov 08 18:26:57 +0000 2016,796056427647250432,Tue Nov 08 17:22:15 +0000 2016,796040147234148353,924,93171,60524,710990834972233728,Always_Trump,"RT @Always_Trump: WARNING:  PA ""Machine Malfunctions"" - if you vote STRAIGHT REP, it votes ALL DEM (why is it never the other way aro… ",4470,4976,24226326,Cryogenik28
Tue Nov 08 18:27:40 +0000 2016,796056610556755968,Tue Nov 08 17:22:15 +0000 2016,796040147234148353,926,93173,60522,710990834972233728,Always_Trump,"RT @Always_Trump: WARNING:  PA ""Machine Malfunctions"" - if you vote STRAIGHT REP, it votes ALL DEM (why is it never the other way aro… ",498,1013,2683660098,TexasLabrador
Tue Nov 08 18:28:02 +0000 2016,796056703825375233,Tue Nov 08 17:22:15 +0000 2016,796040147234148353,928,93171,60524,710990834972233728,Always_Trump,"RT @Always_Trump: WARNING:  PA ""Machine Malfunctions"" - if you vote STRAIGHT REP, it votes ALL DEM (why is it never the other way aro… ",77,236,330594400,CHRISSYHEINS
Tue Nov 08 18:28:26 +0000 2016,796056803821977600,Tue Nov 08 17:22:15 +0000 2016,796040147234148353,929,93173,60522,710990834972233728,Always_Trump,"RT @Always_Trump: WARNING:  PA ""Machine Malfunctions"" - if you vote STRAIGHT REP, it votes ALL DEM (why is it never the other way aro… ",420,717,2750866101,Rich061Richard
Tue Nov 08 18:28:49 +0000 2016,796056900865589248,Tue Nov 08 17:22:15 +0000 2016,796040147234148353,930,93173,60522,710990834972233728,Always_Trump,"RT @Always_Trump: WARNING:  PA ""Machine Malfunctions"" - if you vote STRAIGHT REP, it votes ALL DEM (why is it never the other way aro… ",967,520,2902986795,junkmistress
Tue Nov 08 18:30:18 +0000 2016,796057273906982912,Tue Nov 08 17:22:15 +0000 2016,796040147234148353,939,93173,60522,710990834972233728,Always_Trump,"RT @Always_Trump: WARNING:  PA ""Machine Malfunctions"" - if you vote STRAIGHT REP, it votes ALL DEM (why is it never the other way aro… ",517,420,541965540,Rathcop
Tue Nov 08 18:30:53 +0000 2016,796057420262936576,Tue Nov 08 17:22:15 +0000 2016,796040147234148353,941,93173,60522,710990834972233728,Always_Trump,"RT @Always_Trump: WARNING:  PA ""Machine Malfunctions"" - if you vote STRAIGHT REP, it votes ALL DEM (why is it never the other way aro… ",22,32,1611723824,italianimport
Tue Nov 08 18:31:48 +0000 2016,796057651960545284,Tue Nov 08 17:22:15 +0000 2016,796040147234148353,948,93173,60522,710990834972233728,Always_Trump,"RT @Always_Trump: WARNING:  PA ""Machine Malfunctions"" - if you vote STRAIGHT REP, it votes ALL DEM (why is it never the other way aro… ",122,217,80428736,CittyCat_88
Tue Nov 08 18:31:57 +0000 2016,796057689549918208,Tue Nov 08 17:22:15 +0000 2016,796040147234148353,950,93173,60522,710990834972233728,Always_Trump,"RT @Always_Trump: WARNING:  PA ""Machine Malfunctions"" - if you vote STRAIGHT REP, it votes ALL DEM (why is it never the other way aro… ",2031,1182,1692466376,landsend99
Tue Nov 08 18:32:42 +0000 2016,796057877261729792,Tue Nov 08 17:22:15 +0000 2016,796040147234148353,953,93174,60522,710990834972233728,Always_Trump,"RT @Always_Trump: WARNING:  PA ""Machine Malfunctions"" - if you vote STRAIGHT REP, it votes ALL DEM (why is it never the other way aro… ",41,125,768512941209583617,NikiGees
Tue Nov 08 18:32:56 +0000 2016,796057937282109444,Tue Nov 08 17:22:15 +0000 2016,796040147234148353,954,93173,60524,710990834972233728,Always_Trump,"RT @Always_Trump: WARNING:  PA ""Machine Malfunctions"" - if you vote STRAIGHT REP, it votes ALL DEM (why is it never the other way aro… ",2876,4095,3193583563,NancyHSTi
Tue Nov 08 18:33:31 +0000 2016,796058083805962240,Tue Nov 08 17:22:15 +0000 2016,796040147234148353,957,93174,60524,710990834972233728,Always_Trump,"RT @Always_Trump: WARNING:  PA ""Machine Malfunctions"" - if you vote STRAIGHT REP, it votes ALL DEM (why is it never the other way aro… ",508,375,735890121426272256,JamesCraddick
Tue Nov 08 18:34:37 +0000 2016,796058360676089856,Tue Nov 08 17:22:15 +0000 2016,796040147234148353,964,93174,60524,710990834972233728,Always_Trump,"RT @Always_Trump: WARNING:  PA ""Machine Malfunctions"" - if you vote STRAIGHT REP, it votes ALL DEM (why is it never the other way aro… ",67,17,785985854611214337,LWengCM
Tue Nov 08 18:34:42 +0000 2016,796058381089902593,Tue Nov 08 17:22:15 +0000 2016,796040147234148353,965,93176,60522,710990834972233728,Always_Trump,"RT @Always_Trump: WARNING:  PA ""Machine Malfunctions"" - if you vote STRAIGHT REP, it votes ALL DEM (why is it never the other way aro… ",562,1146,1935915679,KatMichaels5
Tue Nov 08 18:36:03 +0000 2016,796058720987914240,Tue Nov 08 17:22:15 +0000 2016,796040147234148353,972,93176,60522,710990834972233728,Always_Trump,"RT @Always_Trump: WARNING:  PA ""Machine Malfunctions"" - if you vote STRAIGHT REP, it votes ALL DEM (why is it never the other way aro… ",273,718,419207807,Canesdave
Tue Nov 08 18:37:45 +0000 2016,796059149226442752,Tue Nov 08 17:22:15 +0000 2016,796040147234148353,977,93182,60522,710990834972233728,Always_Trump,"RT @Always_Trump: WARNING:  PA ""Machine Malfunctions"" - if you vote STRAIGHT REP, it votes ALL DEM (why is it never the other way aro… ",1523,943,798849650,lwest16
Tue Nov 08 18:38:26 +0000 2016,796059317908733957,Tue Nov 08 17:22:15 +0000 2016,796040147234148353,980,93182,60522,710990834972233728,Always_Trump,"RT @Always_Trump: WARNING:  PA ""Machine Malfunctions"" - if you vote STRAIGHT REP, it votes ALL DEM (why is it never the other way aro… ",66,194,1315716127,mandy79j
Tue Nov 08 18:38:31 +0000 2016,796059341384282120,Tue Nov 08 17:22:15 +0000 2016,796040147234148353,981,93182,60522,710990834972233728,Always_Trump,"RT @Always_Trump: WARNING:  PA ""Machine Malfunctions"" - if you vote STRAIGHT REP, it votes ALL DEM (why is it never the other way aro… ",994,1655,2923076966,PatrickVog86
Tue Nov 08 18:39:32 +0000 2016,796059594363502592,Tue Nov 08 17:22:15 +0000 2016,796040147234148353,983,93180,60524,710990834972233728,Always_Trump,"RT @Always_Trump: WARNING:  PA ""Machine Malfunctions"" - if you vote STRAIGHT REP, it votes ALL DEM (why is it never the other way aro… ",136,227,4037217252,ih8rhetoric
Tue Nov 08 18:40:05 +0000 2016,796059734746992640,Tue Nov 08 17:22:15 +0000 2016,796040147234148353,986,93184,60522,710990834972233728,Always_Trump,"RT @Always_Trump: WARNING:  PA ""Machine Malfunctions"" - if you vote STRAIGHT REP, it votes ALL DEM (why is it never the other way aro… ",4443,2559,348661583,AlphaRomeo223
Tue Nov 08 18:40:06 +0000 2016,796059740849610752,Tue Nov 08 17:22:15 +0000 2016,796040147234148353,987,93182,60524,710990834972233728,Always_Trump,"RT @Always_Trump: WARNING:  PA ""Machine Malfunctions"" - if you vote STRAIGHT REP, it votes ALL DEM (why is it never the other way aro… ",1006,1268,3074687216,sportratz
Tue Nov 08 18:40:14 +0000 2016,796059774336929792,Tue Nov 08 17:22:15 +0000 2016,796040147234148353,989,93182,60524,710990834972233728,Always_Trump,"RT @Always_Trump: WARNING:  PA ""Machine Malfunctions"" - if you vote STRAIGHT REP, it votes ALL DEM (why is it never the other way aro… ",4152,4996,3997346243,millennialviews
Tue Nov 08 18:40:39 +0000 2016,796059877848350720,Tue Nov 08 17:22:15 +0000 2016,796040147234148353,990,93184,60522,710990834972233728,Always_Trump,"RT @Always_Trump: WARNING:  PA ""Machine Malfunctions"" - if you vote STRAIGHT REP, it votes ALL DEM (why is it never the other way aro… ",459,578,3867248416,gramwest801
Tue Nov 08 18:41:43 +0000 2016,796060147550396417,Tue Nov 08 17:22:15 +0000 2016,796040147234148353,995,93184,60522,710990834972233728,Always_Trump,"RT @Always_Trump: WARNING:  PA ""Machine Malfunctions"" - if you vote STRAIGHT REP, it votes ALL DEM (why is it never the other way aro… ",209,123,3220667984,ChobanianLouise
Tue Nov 08 18:41:46 +0000 2016,796060159134969856,Tue Nov 08 17:22:15 +0000 2016,796040147234148353,996,93182,60524,710990834972233728,Always_Trump,"RT @Always_Trump: WARNING:  PA ""Machine Malfunctions"" - if you vote STRAIGHT REP, it votes ALL DEM (why is it never the other way aro… ",857,1576,4428464052,Cadilla01489105
Tue Nov 08 18:43:35 +0000 2016,796060616410669058,Tue Nov 08 17:22:15 +0000 2016,796040147234148353,1003,93188,60522,710990834972233728,Always_Trump,"RT @Always_Trump: WARNING:  PA ""Machine Malfunctions"" - if you vote STRAIGHT REP, it votes ALL DEM (why is it never the other way aro… ",567,254,704506110665990144,davidki21550273
Tue Nov 08 18:43:57 +0000 2016,796060708702011392,Tue Nov 08 17:22:15 +0000 2016,796040147234148353,1006,93186,60524,710990834972233728,Always_Trump,"RT @Always_Trump: WARNING:  PA ""Machine Malfunctions"" - if you vote STRAIGHT REP, it votes ALL DEM (why is it never the other way aro… ",45,88,795387664325230592,supporttrump405
Tue Nov 08 18:44:01 +0000 2016,796060725886222340,Tue Nov 08 17:22:15 +0000 2016,796040147234148353,1007,93188,60522,710990834972233728,Always_Trump,"RT @Always_Trump: WARNING:  PA ""Machine Malfunctions"" - if you vote STRAIGHT REP, it votes ALL DEM (why is it never the other way aro… ",2682,2592,1601702700,woodside2010
Tue Nov 08 18:44:07 +0000 2016,796060751605694465,Tue Nov 08 17:22:15 +0000 2016,796040147234148353,1008,93188,60522,710990834972233728,Always_Trump,"RT @Always_Trump: WARNING:  PA ""Machine Malfunctions"" - if you vote STRAIGHT REP, it votes ALL DEM (why is it never the other way aro… ",118,81,704482448630005760,GermyAnd
Tue Nov 08 18:46:07 +0000 2016,796061251512111104,Tue Nov 08 17:22:15 +0000 2016,796040147234148353,1017,93188,60524,710990834972233728,Always_Trump,"RT @Always_Trump: WARNING:  PA ""Machine Malfunctions"" - if you vote STRAIGHT REP, it votes ALL DEM (why is it never the other way aro… ",307,596,329687792,Murphgal1991
Tue Nov 08 18:46:50 +0000 2016,796061434732052482,Tue Nov 08 17:22:15 +0000 2016,796040147234148353,1019,93191,60522,710990834972233728,Always_Trump,"RT @Always_Trump: WARNING:  PA ""Machine Malfunctions"" - if you vote STRAIGHT REP, it votes ALL DEM (why is it never the other way aro… ",1271,1100,3372178235,daddy_epic_bae
Tue Nov 08 18:47:43 +0000 2016,796061655583064068,Tue Nov 08 17:22:15 +0000 2016,796040147234148353,1024,93191,60522,710990834972233728,Always_Trump,"RT @Always_Trump: WARNING:  PA ""Machine Malfunctions"" - if you vote STRAIGHT REP, it votes ALL DEM (why is it never the other way aro… ",565,940,63131815,agree1967
Tue Nov 08 18:48:01 +0000 2016,796061732384948224,Tue Nov 08 17:22:15 +0000 2016,796040147234148353,1026,93191,60522,710990834972233728,Always_Trump,"RT @Always_Trump: WARNING:  PA ""Machine Malfunctions"" - if you vote STRAIGHT REP, it votes ALL DEM (why is it never the other way aro… ",201,552,16963034,ladydwall
Tue Nov 08 18:48:43 +0000 2016,796061905509109760,Tue Nov 08 17:22:15 +0000 2016,796040147234148353,1029,93191,60522,710990834972233728,Always_Trump,"RT @Always_Trump: WARNING:  PA ""Machine Malfunctions"" - if you vote STRAIGHT REP, it votes ALL DEM (why is it never the other way aro… ",135,88,3987753333,AGulle1
Tue Nov 08 18:49:12 +0000 2016,796062029912141824,Tue Nov 08 17:22:15 +0000 2016,796040147234148353,1031,93193,60522,710990834972233728,Always_Trump,"RT @Always_Trump: WARNING:  PA ""Machine Malfunctions"" - if you vote STRAIGHT REP, it votes ALL DEM (why is it never the other way aro… ",12,98,526462467,EJ33070043
Tue Nov 08 18:51:00 +0000 2016,796062480422277120,Tue Nov 08 17:22:15 +0000 2016,796040147234148353,1035,93195,60522,710990834972233728,Always_Trump,"RT @Always_Trump: WARNING:  PA ""Machine Malfunctions"" - if you vote STRAIGHT REP, it votes ALL DEM (why is it never the other way aro… ",3535,3662,705083633812566016,MccurleyMaureen
Tue Nov 08 18:51:05 +0000 2016,796062501062381568,Tue Nov 08 17:22:15 +0000 2016,796040147234148353,1036,93193,60524,710990834972233728,Always_Trump,"RT @Always_Trump: WARNING:  PA ""Machine Malfunctions"" - if you vote STRAIGHT REP, it votes ALL DEM (why is it never the other way aro… ",1266,2062,934791990,ehphi55
Tue Nov 08 18:51:24 +0000 2016,796062583757373440,Tue Nov 08 17:22:15 +0000 2016,796040147234148353,1038,93196,60522,710990834972233728,Always_Trump,"RT @Always_Trump: WARNING:  PA ""Machine Malfunctions"" - if you vote STRAIGHT REP, it votes ALL DEM (why is it never the other way aro… ",178,203,780788839220518912,mjc1193
Tue Nov 08 18:51:41 +0000 2016,796062655589085185,Tue Nov 08 17:22:15 +0000 2016,796040147234148353,1039,93197,60522,710990834972233728,Always_Trump,"RT @Always_Trump: WARNING:  PA ""Machine Malfunctions"" - if you vote STRAIGHT REP, it votes ALL DEM (why is it never the other way aro… ",1772,1883,2893307777,CaryFrazee
Tue Nov 08 18:51:56 +0000 2016,796062718671421440,Tue Nov 08 17:22:15 +0000 2016,796040147234148353,1040,93197,60522,710990834972233728,Always_Trump,"RT @Always_Trump: WARNING:  PA ""Machine Malfunctions"" - if you vote STRAIGHT REP, it votes ALL DEM (why is it never the other way aro… ",339,740,634851932,AmandaSlezak
Tue Nov 08 18:52:39 +0000 2016,796062899148062721,Tue Nov 08 17:22:15 +0000 2016,796040147234148353,1043,93199,60522,710990834972233728,Always_Trump,"RT @Always_Trump: WARNING:  PA ""Machine Malfunctions"" - if you vote STRAIGHT REP, it votes ALL DEM (why is it never the other way aro… ",101,148,759802132329598976,cs_lohr
Tue Nov 08 18:52:55 +0000 2016,796062965145468928,Tue Nov 08 17:22:15 +0000 2016,796040147234148353,1045,93199,60522,710990834972233728,Always_Trump,"RT @Always_Trump: WARNING:  PA ""Machine Malfunctions"" - if you vote STRAIGHT REP, it votes ALL DEM (why is it never the other way aro… ",7740,8477,950472888,4HeritageMoms
Tue Nov 08 18:53:29 +0000 2016,796063107730800640,Tue Nov 08 17:22:15 +0000 2016,796040147234148353,1048,93198,60522,710990834972233728,Always_Trump,"RT @Always_Trump: WARNING:  PA ""Machine Malfunctions"" - if you vote STRAIGHT REP, it votes ALL DEM (why is it never the other way aro… ",1232,1977,3899435764,WellnessHempOil
Tue Nov 08 18:55:23 +0000 2016,796063586145669120,Tue Nov 08 17:22:15 +0000 2016,796040147234148353,1054,93198,60522,710990834972233728,Always_Trump,"RT @Always_Trump: WARNING:  PA ""Machine Malfunctions"" - if you vote STRAIGHT REP, it votes ALL DEM (why is it never the other way aro… ",265,390,326185745,Cindyc6066
Tue Nov 08 18:56:09 +0000 2016,796063779918385152,Tue Nov 08 17:22:15 +0000 2016,796040147234148353,1057,93198,60522,710990834972233728,Always_Trump,"RT @Always_Trump: WARNING:  PA ""Machine Malfunctions"" - if you vote STRAIGHT REP, it votes ALL DEM (why is it never the other way aro… ",838,849,713316839045074944,VivianS4Trump
Tue Nov 08 18:57:42 +0000 2016,796064168830873600,Tue Nov 08 17:22:15 +0000 2016,796040147234148353,1065,93171,60505,710990834972233728,Always_Trump,"RT @Always_Trump: WARNING:  PA ""Machine Malfunctions"" - if you vote STRAIGHT REP, it votes ALL DEM (why is it never the other way aro… ",937,440,528054929,RandyMcGehee
Tue Nov 08 18:58:08 +0000 2016,796064278184886273,Tue Nov 08 17:22:15 +0000 2016,796040147234148353,1066,93165,60503,710990834972233728,Always_Trump,"RT @Always_Trump: WARNING:  PA ""Machine Malfunctions"" - if you vote STRAIGHT REP, it votes ALL DEM (why is it never the other way aro… ",89,111,3949371634,tatreeves63
Tue Nov 08 18:59:04 +0000 2016,796064512755507200,Tue Nov 08 17:22:15 +0000 2016,796040147234148353,1068,93166,60503,710990834972233728,Always_Trump,"RT @Always_Trump: WARNING:  PA ""Machine Malfunctions"" - if you vote STRAIGHT REP, it votes ALL DEM (why is it never the other way aro… ",616,669,3110265579,cherylswenson
Tue Nov 08 18:59:06 +0000 2016,796064521395773440,Tue Nov 08 17:22:15 +0000 2016,796040147234148353,1069,93166,60503,710990834972233728,Always_Trump,"RT @Always_Trump: WARNING:  PA ""Machine Malfunctions"" - if you vote STRAIGHT REP, it votes ALL DEM (why is it never the other way aro… ",810,928,622875149,abbyszelong
Tue Nov 08 18:59:12 +0000 2016,796064546565853185,Tue Nov 08 17:22:15 +0000 2016,796040147234148353,1070,93166,60503,710990834972233728,Always_Trump,"RT @Always_Trump: WARNING:  PA ""Machine Malfunctions"" - if you vote STRAIGHT REP, it votes ALL DEM (why is it never the other way aro… ",70,252,56211319,Amicus828
Tue Nov 08 19:01:13 +0000 2016,796065054672162817,Tue Nov 08 17:22:15 +0000 2016,796040147234148353,1076,93166,60503,710990834972233728,Always_Trump,"RT @Always_Trump: WARNING:  PA ""Machine Malfunctions"" - if you vote STRAIGHT REP, it votes ALL DEM (why is it never the other way aro… ",400,1095,757739254462160896,Koolbreeze2467
Tue Nov 08 19:01:33 +0000 2016,796065137669054464,Tue Nov 08 17:22:15 +0000 2016,796040147234148353,1078,93166,60503,710990834972233728,Always_Trump,"RT @Always_Trump: WARNING:  PA ""Machine Malfunctions"" - if you vote STRAIGHT REP, it votes ALL DEM (why is it never the other way aro… ",501,413,318738457,rickv0315
Tue Nov 08 19:01:39 +0000 2016,796065163527000064,Tue Nov 08 17:22:15 +0000 2016,796040147234148353,1079,93166,60503,710990834972233728,Always_Trump,"RT @Always_Trump: WARNING:  PA ""Machine Malfunctions"" - if you vote STRAIGHT REP, it votes ALL DEM (why is it never the other way aro… ",4375,5000,415175014,MiriamRoseMc
Tue Nov 08 19:04:11 +0000 2016,796065800067092480,Tue Nov 08 17:22:15 +0000 2016,796040147234148353,1083,93172,60503,710990834972233728,Always_Trump,"RT @Always_Trump: WARNING:  PA ""Machine Malfunctions"" - if you vote STRAIGHT REP, it votes ALL DEM (why is it never the other way aro… ",557,3022,3400561510,odumechbueze1
Tue Nov 08 19:04:39 +0000 2016,796065918845587457,Tue Nov 08 17:22:15 +0000 2016,796040147234148353,1084,93173,60503,710990834972233728,Always_Trump,"RT @Always_Trump: WARNING:  PA ""Machine Malfunctions"" - if you vote STRAIGHT REP, it votes ALL DEM (why is it never the other way aro… ",121,256,753404322348539906,strahanmsr
Tue Nov 08 19:04:46 +0000 2016,796065948386160640,Tue Nov 08 17:22:15 +0000 2016,796040147234148353,1085,93173,60503,710990834972233728,Always_Trump,"RT @Always_Trump: WARNING:  PA ""Machine Malfunctions"" - if you vote STRAIGHT REP, it votes ALL DEM (why is it never the other way aro… ",7679,8397,613081818,spreadthemesg
Tue Nov 08 19:06:37 +0000 2016,796066410766155776,Tue Nov 08 17:22:15 +0000 2016,796040147234148353,1093,93176,60503,710990834972233728,Always_Trump,"RT @Always_Trump: WARNING:  PA ""Machine Malfunctions"" - if you vote STRAIGHT REP, it votes ALL DEM (why is it never the other way aro… ",3396,3566,367439014,QuisUtDeus7
Tue Nov 08 19:06:59 +0000 2016,796066506056617984,Tue Nov 08 17:22:15 +0000 2016,796040147234148353,1095,93177,60503,710990834972233728,Always_Trump,"RT @Always_Trump: WARNING:  PA ""Machine Malfunctions"" - if you vote STRAIGHT REP, it votes ALL DEM (why is it never the other way aro… ",538,358,372013716,klena57
Tue Nov 08 19:08:37 +0000 2016,796066916590882816,Tue Nov 08 17:22:15 +0000 2016,796040147234148353,1099,93171,60479,710990834972233728,Always_Trump,"RT @Always_Trump: WARNING:  PA ""Machine Malfunctions"" - if you vote STRAIGHT REP, it votes ALL DEM (why is it never the other way aro… ",9438,8796,714251785183977472,TR_Lives
Tue Nov 08 19:09:11 +0000 2016,796067059549532160,Tue Nov 08 17:22:15 +0000 2016,796040147234148353,1102,93172,60479,710990834972233728,Always_Trump,"RT @Always_Trump: WARNING:  PA ""Machine Malfunctions"" - if you vote STRAIGHT REP, it votes ALL DEM (why is it never the other way aro… ",717,879,1270683908,jppcrsinc_john
Tue Nov 08 19:09:22 +0000 2016,796067102377512960,Tue Nov 08 17:22:15 +0000 2016,796040147234148353,1103,93173,60479,710990834972233728,Always_Trump,"RT @Always_Trump: WARNING:  PA ""Machine Malfunctions"" - if you vote STRAIGHT REP, it votes ALL DEM (why is it never the other way aro… ",1515,1601,2282687281,CatsMeow2222
Tue Nov 08 19:10:23 +0000 2016,796067361006686208,Tue Nov 08 17:22:15 +0000 2016,796040147234148353,1113,93176,60480,710990834972233728,Always_Trump,"RT @Always_Trump: WARNING:  PA ""Machine Malfunctions"" - if you vote STRAIGHT REP, it votes ALL DEM (why is it never the other way aro… ",1267,1780,483588899,ViggianiAngelo
Tue Nov 08 19:10:37 +0000 2016,796067420087664640,Tue Nov 08 17:22:15 +0000 2016,796040147234148353,1115,93176,60480,710990834972233728,Always_Trump,"RT @Always_Trump: WARNING:  PA ""Machine Malfunctions"" - if you vote STRAIGHT REP, it votes ALL DEM (why is it never the other way aro… ",41,118,3041359384,sides_sidesrk
Tue Nov 08 19:11:13 +0000 2016,796067571258818560,Tue Nov 08 17:22:15 +0000 2016,796040147234148353,1121,93175,60480,710990834972233728,Always_Trump,"RT @Always_Trump: WARNING:  PA ""Machine Malfunctions"" - if you vote STRAIGHT REP, it votes ALL DEM (why is it never the other way aro… ",7923,8188,239244397,lightning7876
Tue Nov 08 19:11:30 +0000 2016,796067642998161409,Tue Nov 08 17:22:15 +0000 2016,796040147234148353,1122,93175,60480,710990834972233728,Always_Trump,"RT @Always_Trump: WARNING:  PA ""Machine Malfunctions"" - if you vote STRAIGHT REP, it votes ALL DEM (why is it never the other way aro… ",373,575,1604705870,CarolynG1014
Tue Nov 08 19:12:07 +0000 2016,796067796803272704,Tue Nov 08 17:22:15 +0000 2016,796040147234148353,1126,93176,60480,710990834972233728,Always_Trump,"RT @Always_Trump: WARNING:  PA ""Machine Malfunctions"" - if you vote STRAIGHT REP, it votes ALL DEM (why is it never the other way aro… ",354,346,1359709195,Mrs_deplorable
Tue Nov 08 19:12:16 +0000 2016,796067832207265792,Tue Nov 08 17:22:15 +0000 2016,796040147234148353,1129,93182,60486,710990834972233728,Always_Trump,"RT @Always_Trump: WARNING:  PA ""Machine Malfunctions"" - if you vote STRAIGHT REP, it votes ALL DEM (why is it never the other way aro… ",4194,5000,557468072,powerglobalus
Tue Nov 08 19:13:15 +0000 2016,796068082594746370,Tue Nov 08 17:22:15 +0000 2016,796040147234148353,1132,93178,60480,710990834972233728,Always_Trump,"RT @Always_Trump: WARNING:  PA ""Machine Malfunctions"" - if you vote STRAIGHT REP, it votes ALL DEM (why is it never the other way aro… ",119,216,3631466716,MrMScMan
Tue Nov 08 19:13:58 +0000 2016,796068262714843136,Tue Nov 08 17:22:15 +0000 2016,796040147234148353,1136,93184,60486,710990834972233728,Always_Trump,"RT @Always_Trump: WARNING:  PA ""Machine Malfunctions"" - if you vote STRAIGHT REP, it votes ALL DEM (why is it never the other way aro… ",309,248,910647342,MissKKC
Tue Nov 08 19:14:30 +0000 2016,796068396903395328,Tue Nov 08 17:22:15 +0000 2016,796040147234148353,1141,93180,60481,710990834972233728,Always_Trump,"RT @Always_Trump: WARNING:  PA ""Machine Malfunctions"" - if you vote STRAIGHT REP, it votes ALL DEM (why is it never the other way aro… ",120,305,4562138564,PaytonBennett5
Tue Nov 08 19:15:02 +0000 2016,796068531070611456,Tue Nov 08 17:22:15 +0000 2016,796040147234148353,1143,93185,60487,710990834972233728,Always_Trump,"RT @Always_Trump: WARNING:  PA ""Machine Malfunctions"" - if you vote STRAIGHT REP, it votes ALL DEM (why is it never the other way aro… ",42979,45846,5511332,Flap
Tue Nov 08 19:15:24 +0000 2016,796068623311917056,Tue Nov 08 17:22:15 +0000 2016,796040147234148353,1145,93181,60481,710990834972233728,Always_Trump,"RT @Always_Trump: WARNING:  PA ""Machine Malfunctions"" - if you vote STRAIGHT REP, it votes ALL DEM (why is it never the other way aro… ",1357,2934,589375768,hiltons119
Tue Nov 08 19:15:25 +0000 2016,796068628214882304,Tue Nov 08 17:22:15 +0000 2016,796040147234148353,1146,93186,60487,710990834972233728,Always_Trump,"RT @Always_Trump: WARNING:  PA ""Machine Malfunctions"" - if you vote STRAIGHT REP, it votes ALL DEM (why is it never the other way aro… ",5459,5755,2856031,Amppt
Tue Nov 08 19:15:40 +0000 2016,796068691209240580,Tue Nov 08 17:22:15 +0000 2016,796040147234148353,1148,93181,60481,710990834972233728,Always_Trump,"RT @Always_Trump: WARNING:  PA ""Machine Malfunctions"" - if you vote STRAIGHT REP, it votes ALL DEM (why is it never the other way aro… ",64,214,1573854067,donvrjr1
Tue Nov 08 19:16:28 +0000 2016,796068891579547650,Tue Nov 08 17:22:15 +0000 2016,796040147234148353,1151,93184,60482,710990834972233728,Always_Trump,"RT @Always_Trump: WARNING:  PA ""Machine Malfunctions"" - if you vote STRAIGHT REP, it votes ALL DEM (why is it never the other way aro… ",274,198,756972232690110464,ctsew377
Tue Nov 08 19:16:43 +0000 2016,796068955043590144,Tue Nov 08 17:22:15 +0000 2016,796040147234148353,1153,93185,60482,710990834972233728,Always_Trump,"RT @Always_Trump: WARNING:  PA ""Machine Malfunctions"" - if you vote STRAIGHT REP, it votes ALL DEM (why is it never the other way aro… ",55,81,767101727422181382,JuliaKoenig8
Tue Nov 08 19:19:07 +0000 2016,796069558645850112,Tue Nov 08 17:22:15 +0000 2016,796040147234148353,1158,93187,60483,710990834972233728,Always_Trump,"RT @Always_Trump: WARNING:  PA ""Machine Malfunctions"" - if you vote STRAIGHT REP, it votes ALL DEM (why is it never the other way aro… ",802,855,743417949323665408,JosephM80134156
Tue Nov 08 19:19:56 +0000 2016,796069765068554242,Tue Nov 08 17:22:15 +0000 2016,796040147234148353,1161,93188,60483,710990834972233728,Always_Trump,"RT @Always_Trump: WARNING:  PA ""Machine Malfunctions"" - if you vote STRAIGHT REP, it votes ALL DEM (why is it never the other way aro… ",33,193,758819898818564097,DeniConservian
Tue Nov 08 19:21:03 +0000 2016,796070045893988352,Tue Nov 08 17:22:15 +0000 2016,796040147234148353,1166,93191,60483,710990834972233728,Always_Trump,"RT @Always_Trump: WARNING:  PA ""Machine Malfunctions"" - if you vote STRAIGHT REP, it votes ALL DEM (why is it never the other way aro… ",69818,52523,30696928,TopDogNews
Tue Nov 08 19:21:53 +0000 2016,796070252073230337,Tue Nov 08 17:22:15 +0000 2016,796040147234148353,1169,93200,60488,710990834972233728,Always_Trump,"RT @Always_Trump: WARNING:  PA ""Machine Malfunctions"" - if you vote STRAIGHT REP, it votes ALL DEM (why is it never the other way aro… ",24420,606,26112870,Tom_Sjolund
Tue Nov 08 19:22:00 +0000 2016,796070284797186048,Tue Nov 08 17:22:15 +0000 2016,796040147234148353,1170,93200,60488,710990834972233728,Always_Trump,"RT @Always_Trump: WARNING:  PA ""Machine Malfunctions"" - if you vote STRAIGHT REP, it votes ALL DEM (why is it never the other way aro… ",4651,3854,3192540098,Bellajane127
Tue Nov 08 19:22:27 +0000 2016,796070397338943492,Tue Nov 08 17:22:15 +0000 2016,796040147234148353,1172,93194,60483,710990834972233728,Always_Trump,"RT @Always_Trump: WARNING:  PA ""Machine Malfunctions"" - if you vote STRAIGHT REP, it votes ALL DEM (why is it never the other way aro… ",557,717,706932292854349824,james_lauler
Tue Nov 08 19:22:44 +0000 2016,796070469699076096,Tue Nov 08 17:22:15 +0000 2016,796040147234148353,1174,93194,60483,710990834972233728,Always_Trump,"RT @Always_Trump: WARNING:  PA ""Machine Malfunctions"" - if you vote STRAIGHT REP, it votes ALL DEM (why is it never the other way aro… ",132,39,759790795339685888,KathyTu57558497
Tue Nov 08 19:23:00 +0000 2016,796070536224931840,Tue Nov 08 17:22:15 +0000 2016,796040147234148353,1175,93194,60483,710990834972233728,Always_Trump,"RT @Always_Trump: WARNING:  PA ""Machine Malfunctions"" - if you vote STRAIGHT REP, it votes ALL DEM (why is it never the other way aro… ",480,734,4882027661,esgrimista73
Tue Nov 08 19:24:09 +0000 2016,796070825728294912,Tue Nov 08 17:22:15 +0000 2016,796040147234148353,1182,93194,60483,710990834972233728,Always_Trump,"RT @Always_Trump: WARNING:  PA ""Machine Malfunctions"" - if you vote STRAIGHT REP, it votes ALL DEM (why is it never the other way aro… ",39,180,771104412324560896,speak_speakup
Tue Nov 08 19:24:23 +0000 2016,796070884033363968,Tue Nov 08 17:22:15 +0000 2016,796040147234148353,1187,93194,60483,710990834972233728,Always_Trump,"RT @Always_Trump: WARNING:  PA ""Machine Malfunctions"" - if you vote STRAIGHT REP, it votes ALL DEM (why is it never the other way aro… ",212,375,637116992,letaitjr
Tue Nov 08 19:24:55 +0000 2016,796071016652894208,Tue Nov 08 17:22:15 +0000 2016,796040147234148353,1189,93203,60488,710990834972233728,Always_Trump,"RT @Always_Trump: WARNING:  PA ""Machine Malfunctions"" - if you vote STRAIGHT REP, it votes ALL DEM (why is it never the other way aro… ",98,79,575979525,dcwishy
Tue Nov 08 19:25:32 +0000 2016,796071173431828480,Tue Nov 08 17:22:15 +0000 2016,796040147234148353,1192,93205,60488,710990834972233728,Always_Trump,"RT @Always_Trump: WARNING:  PA ""Machine Malfunctions"" - if you vote STRAIGHT REP, it votes ALL DEM (why is it never the other way aro… ",222,246,853681404,BarbequeMommy
Tue Nov 08 19:27:26 +0000 2016,796071652245250048,Tue Nov 08 17:22:15 +0000 2016,796040147234148353,1205,93196,60483,710990834972233728,Always_Trump,"RT @Always_Trump: WARNING:  PA ""Machine Malfunctions"" - if you vote STRAIGHT REP, it votes ALL DEM (why is it never the other way aro… ",224,198,2881169894,vickilove482
Tue Nov 08 19:28:05 +0000 2016,796071815412117505,Tue Nov 08 17:22:15 +0000 2016,796040147234148353,1209,93196,60483,710990834972233728,Always_Trump,"RT @Always_Trump: WARNING:  PA ""Machine Malfunctions"" - if you vote STRAIGHT REP, it votes ALL DEM (why is it never the other way aro… ",481,604,2464807905,EdEddieknowles2
Tue Nov 08 19:28:25 +0000 2016,796071898866126848,Tue Nov 08 17:22:15 +0000 2016,796040147234148353,1212,93196,60483,710990834972233728,Always_Trump,"RT @Always_Trump: WARNING:  PA ""Machine Malfunctions"" - if you vote STRAIGHT REP, it votes ALL DEM (why is it never the other way aro… ",347,1173,707415512,Tracydrozd
Tue Nov 08 19:28:28 +0000 2016,796071912304766977,Tue Nov 08 17:22:15 +0000 2016,796040147234148353,1213,93196,60483,710990834972233728,Always_Trump,"RT @Always_Trump: WARNING:  PA ""Machine Malfunctions"" - if you vote STRAIGHT REP, it votes ALL DEM (why is it never the other way aro… ",676,1170,780598056290885632,NotWithH
Tue Nov 08 19:28:45 +0000 2016,796071982869712896,Tue Nov 08 17:22:15 +0000 2016,796040147234148353,1214,93196,60483,710990834972233728,Always_Trump,"RT @Always_Trump: WARNING:  PA ""Machine Malfunctions"" - if you vote STRAIGHT REP, it votes ALL DEM (why is it never the other way aro… ",947,1106,437294311,_Just_Sa_
Tue Nov 08 19:29:28 +0000 2016,796072162775941120,Tue Nov 08 17:22:15 +0000 2016,796040147234148353,1217,93196,60483,710990834972233728,Always_Trump,"RT @Always_Trump: WARNING:  PA ""Machine Malfunctions"" - if you vote STRAIGHT REP, it votes ALL DEM (why is it never the other way aro… ",77,211,16116764,Eralesse
Tue Nov 08 19:29:39 +0000 2016,796072209894830080,Tue Nov 08 17:22:15 +0000 2016,796040147234148353,1219,93196,60483,710990834972233728,Always_Trump,"RT @Always_Trump: WARNING:  PA ""Machine Malfunctions"" - if you vote STRAIGHT REP, it votes ALL DEM (why is it never the other way aro… ",600,2350,283554388,happyskip
Tue Nov 08 19:29:58 +0000 2016,796072286545702912,Tue Nov 08 17:22:15 +0000 2016,796040147234148353,1220,93196,60483,710990834972233728,Always_Trump,"RT @Always_Trump: WARNING:  PA ""Machine Malfunctions"" - if you vote STRAIGHT REP, it votes ALL DEM (why is it never the other way aro… ",665,736,2857486483,bbrowndfd
Tue Nov 08 19:30:40 +0000 2016,796072462433845248,Tue Nov 08 17:22:15 +0000 2016,796040147234148353,1224,93196,60483,710990834972233728,Always_Trump,"RT @Always_Trump: WARNING:  PA ""Machine Malfunctions"" - if you vote STRAIGHT REP, it votes ALL DEM (why is it never the other way aro… ",95,322,27699171,brl312
Tue Nov 08 19:33:32 +0000 2016,796073187104722944,Tue Nov 08 17:22:15 +0000 2016,796040147234148353,1237,93200,60483,710990834972233728,Always_Trump,"RT @Always_Trump: WARNING:  PA ""Machine Malfunctions"" - if you vote STRAIGHT REP, it votes ALL DEM (why is it never the other way aro… ",597,2020,101122504,CATCHYOURMIRACL
Tue Nov 08 19:34:06 +0000 2016,796073330520428544,Tue Nov 08 17:22:15 +0000 2016,796040147234148353,1241,93208,60488,710990834972233728,Always_Trump,"RT @Always_Trump: WARNING:  PA ""Machine Malfunctions"" - if you vote STRAIGHT REP, it votes ALL DEM (why is it never the other way aro… ",4182,3935,2967468312,Tw3etL0rd
Tue Nov 08 19:34:57 +0000 2016,796073543779975168,Tue Nov 08 17:22:15 +0000 2016,796040147234148353,1243,93200,60483,710990834972233728,Always_Trump,"RT @Always_Trump: WARNING:  PA ""Machine Malfunctions"" - if you vote STRAIGHT REP, it votes ALL DEM (why is it never the other way aro… ",1934,2113,749355769,stick8655
Tue Nov 08 19:35:44 +0000 2016,796073740920647680,Tue Nov 08 17:22:15 +0000 2016,796040147234148353,1247,93199,60483,710990834972233728,Always_Trump,"RT @Always_Trump: WARNING:  PA ""Machine Malfunctions"" - if you vote STRAIGHT REP, it votes ALL DEM (why is it never the other way aro… ",58,172,3265439376,stoughton_sam
Tue Nov 08 19:36:11 +0000 2016,796073853579624448,Tue Nov 08 17:22:15 +0000 2016,796040147234148353,1249,93199,60483,710990834972233728,Always_Trump,"RT @Always_Trump: WARNING:  PA ""Machine Malfunctions"" - if you vote STRAIGHT REP, it votes ALL DEM (why is it never the other way aro… ",1237,1086,3308781515,maegan_laporte
Tue Nov 08 19:36:27 +0000 2016,796073921237938177,Tue Nov 08 17:22:15 +0000 2016,796040147234148353,1253,93199,60483,710990834972233728,Always_Trump,"RT @Always_Trump: WARNING:  PA ""Machine Malfunctions"" - if you vote STRAIGHT REP, it votes ALL DEM (why is it never the other way aro… ",927,142,2716964859,Msmartin415
Tue Nov 08 19:38:30 +0000 2016,796074437053333505,Tue Nov 08 17:22:15 +0000 2016,796040147234148353,1259,93209,60488,710990834972233728,Always_Trump,"RT @Always_Trump: WARNING:  PA ""Machine Malfunctions"" - if you vote STRAIGHT REP, it votes ALL DEM (why is it never the other way aro… ",12602,13805,88458875,LJSpagnoli
Tue Nov 08 19:39:13 +0000 2016,796074617148276736,Tue Nov 08 17:22:15 +0000 2016,796040147234148353,1264,93209,60488,710990834972233728,Always_Trump,"RT @Always_Trump: WARNING:  PA ""Machine Malfunctions"" - if you vote STRAIGHT REP, it votes ALL DEM (why is it never the other way aro… ",4123,3928,18740607,Winston_Truth
Tue Nov 08 19:39:29 +0000 2016,796074684173275137,Tue Nov 08 17:22:15 +0000 2016,796040147234148353,1266,93210,60488,710990834972233728,Always_Trump,"RT @Always_Trump: WARNING:  PA ""Machine Malfunctions"" - if you vote STRAIGHT REP, it votes ALL DEM (why is it never the other way aro… ",331,416,743216873924235264,janinehuarte
Tue Nov 08 19:40:03 +0000 2016,796074824431009792,Tue Nov 08 17:22:15 +0000 2016,796040147234148353,1267,93206,60483,710990834972233728,Always_Trump,"RT @Always_Trump: WARNING:  PA ""Machine Malfunctions"" - if you vote STRAIGHT REP, it votes ALL DEM (why is it never the other way aro… ",90,550,1205637763,kortigel
Tue Nov 08 19:40:24 +0000 2016,796074915958882304,Tue Nov 08 17:22:15 +0000 2016,796040147234148353,1269,93214,60488,710990834972233728,Always_Trump,"RT @Always_Trump: WARNING:  PA ""Machine Malfunctions"" - if you vote STRAIGHT REP, it votes ALL DEM (why is it never the other way aro… ",1457,2126,98777452,shelez
Tue Nov 08 19:41:03 +0000 2016,796075078731628549,Tue Nov 08 17:22:15 +0000 2016,796040147234148353,1271,93208,60483,710990834972233728,Always_Trump,"RT @Always_Trump: WARNING:  PA ""Machine Malfunctions"" - if you vote STRAIGHT REP, it votes ALL DEM (why is it never the other way aro… ",4555,5007,45746929,dattiljs
Tue Nov 08 19:41:30 +0000 2016,796075191784837121,Tue Nov 08 17:22:15 +0000 2016,796040147234148353,1273,93208,60483,710990834972233728,Always_Trump,"RT @Always_Trump: WARNING:  PA ""Machine Malfunctions"" - if you vote STRAIGHT REP, it votes ALL DEM (why is it never the other way aro… ",175,528,27127777,wendyhullfish
Tue Nov 08 19:41:44 +0000 2016,796075251570540544,Tue Nov 08 17:22:15 +0000 2016,796040147234148353,1274,93208,60483,710990834972233728,Always_Trump,"RT @Always_Trump: WARNING:  PA ""Machine Malfunctions"" - if you vote STRAIGHT REP, it votes ALL DEM (why is it never the other way aro… ",85,174,394852223,CitrusRain
Tue Nov 08 19:42:55 +0000 2016,796075549231812608,Tue Nov 08 17:22:15 +0000 2016,796040147234148353,1281,93210,60483,710990834972233728,Always_Trump,"RT @Always_Trump: WARNING:  PA ""Machine Malfunctions"" - if you vote STRAIGHT REP, it votes ALL DEM (why is it never the other way aro… ",2621,3302,872210570,medford_mark
Tue Nov 08 19:43:13 +0000 2016,796075624246943744,Tue Nov 08 17:22:15 +0000 2016,796040147234148353,1283,93210,60483,710990834972233728,Always_Trump,"RT @Always_Trump: WARNING:  PA ""Machine Malfunctions"" - if you vote STRAIGHT REP, it votes ALL DEM (why is it never the other way aro… ",810,158,17056659,casey2513
Tue Nov 08 19:45:53 +0000 2016,796076292487704576,Tue Nov 08 17:22:15 +0000 2016,796040147234148353,1292,93215,60483,710990834972233728,Always_Trump,"RT @Always_Trump: WARNING:  PA ""Machine Malfunctions"" - if you vote STRAIGHT REP, it votes ALL DEM (why is it never the other way aro… ",36,145,781749158130704384,AdrianScully13
Tue Nov 08 19:47:12 +0000 2016,796076625901146112,Tue Nov 08 17:22:15 +0000 2016,796040147234148353,1299,93223,60488,710990834972233728,Always_Trump,"RT @Always_Trump: WARNING:  PA ""Machine Malfunctions"" - if you vote STRAIGHT REP, it votes ALL DEM (why is it never the other way aro… ",1115,1585,2794683217,Paulie_Poli
Tue Nov 08 19:47:34 +0000 2016,796076718301671424,Tue Nov 08 17:22:15 +0000 2016,796040147234148353,1303,93223,60488,710990834972233728,Always_Trump,"RT @Always_Trump: WARNING:  PA ""Machine Malfunctions"" - if you vote STRAIGHT REP, it votes ALL DEM (why is it never the other way aro… ",2305,2921,8878502,heykoolaid3
Tue Nov 08 19:48:05 +0000 2016,796076847587065856,Tue Nov 08 17:22:15 +0000 2016,796040147234148353,1305,93216,60483,710990834972233728,Always_Trump,"RT @Always_Trump: WARNING:  PA ""Machine Malfunctions"" - if you vote STRAIGHT REP, it votes ALL DEM (why is it never the other way aro… ",49,45,1205455405,kmeir1
Tue Nov 08 19:50:34 +0000 2016,796077473813434369,Tue Nov 08 17:22:15 +0000 2016,796040147234148353,1314,93217,60483,710990834972233728,Always_Trump,"RT @Always_Trump: WARNING:  PA ""Machine Malfunctions"" - if you vote STRAIGHT REP, it votes ALL DEM (why is it never the other way aro… ",4164,4629,615217292,gwallace48
Tue Nov 08 19:50:46 +0000 2016,796077523675348992,Tue Nov 08 17:22:15 +0000 2016,796040147234148353,1316,93217,60483,710990834972233728,Always_Trump,"RT @Always_Trump: WARNING:  PA ""Machine Malfunctions"" - if you vote STRAIGHT REP, it votes ALL DEM (why is it never the other way aro… ",971,1975,783992865257099264,loochchio
Tue Nov 08 19:50:46 +0000 2016,796077524530802688,Tue Nov 08 17:22:15 +0000 2016,796040147234148353,1317,93225,60488,710990834972233728,Always_Trump,"RT @Always_Trump: WARNING:  PA ""Machine Malfunctions"" - if you vote STRAIGHT REP, it votes ALL DEM (why is it never the other way aro… ",295,399,731667098519371777,CAgirlsforTrump
Tue Nov 08 19:51:25 +0000 2016,796077686477254657,Tue Nov 08 17:22:15 +0000 2016,796040147234148353,1319,93217,60483,710990834972233728,Always_Trump,"RT @Always_Trump: WARNING:  PA ""Machine Malfunctions"" - if you vote STRAIGHT REP, it votes ALL DEM (why is it never the other way aro… ",1016,2509,842591886,rarreb
Tue Nov 08 19:52:00 +0000 2016,796077831113543680,Tue Nov 08 17:22:15 +0000 2016,796040147234148353,1321,93219,60483,710990834972233728,Always_Trump,"RT @Always_Trump: WARNING:  PA ""Machine Malfunctions"" - if you vote STRAIGHT REP, it votes ALL DEM (why is it never the other way aro… ",139,483,3027234680,dfliv24
Tue Nov 08 19:55:24 +0000 2016,796078690165633024,Tue Nov 08 17:22:15 +0000 2016,796040147234148353,1326,93231,60488,710990834972233728,Always_Trump,"RT @Always_Trump: WARNING:  PA ""Machine Malfunctions"" - if you vote STRAIGHT REP, it votes ALL DEM (why is it never the other way aro… ",3256,3504,2747746256,SuperNerdMike
Tue Nov 08 19:56:20 +0000 2016,796078921653448704,Tue Nov 08 17:22:15 +0000 2016,796040147234148353,1328,93231,60488,710990834972233728,Always_Trump,"RT @Always_Trump: WARNING:  PA ""Machine Malfunctions"" - if you vote STRAIGHT REP, it votes ALL DEM (why is it never the other way aro… ",1075,599,742181053599645696,gotapointtomake
Tue Nov 08 19:56:23 +0000 2016,796078938380505088,Tue Nov 08 17:22:15 +0000 2016,796040147234148353,1330,93224,60483,710990834972233728,Always_Trump,"RT @Always_Trump: WARNING:  PA ""Machine Malfunctions"" - if you vote STRAIGHT REP, it votes ALL DEM (why is it never the other way aro… ",617,2003,595163412,VideoGameAnt
Tue Nov 08 19:57:30 +0000 2016,796079219176402944,Tue Nov 08 17:22:15 +0000 2016,796040147234148353,1333,93234,60488,710990834972233728,Always_Trump,"RT @Always_Trump: WARNING:  PA ""Machine Malfunctions"" - if you vote STRAIGHT REP, it votes ALL DEM (why is it never the other way aro… ",159,147,4568014212,DavidL1776
Tue Nov 08 19:59:02 +0000 2016,796079602493964289,Tue Nov 08 17:22:15 +0000 2016,796040147234148353,1335,93227,60483,710990834972233728,Always_Trump,"RT @Always_Trump: WARNING:  PA ""Machine Malfunctions"" - if you vote STRAIGHT REP, it votes ALL DEM (why is it never the other way aro… ",376,597,82659417,Harriettedm
Tue Nov 08 19:59:02 +0000 2016,796079602493964289,Tue Nov 08 17:22:15 +0000 2016,796040147234148353,1335,93227,60483,710990834972233728,Always_Trump,"RT @Always_Trump: WARNING:  PA ""Machine Malfunctions"" - if you vote STRAIGHT REP, it votes ALL DEM (why is it never the other way aro… ",376,597,82659417,Harriettedm
Tue Nov 08 19:59:34 +0000 2016,796079738905391104,Tue Nov 08 17:22:15 +0000 2016,796040147234148353,1336,93229,60483,710990834972233728,Always_Trump,"RT @Always_Trump: WARNING:  PA ""Machine Malfunctions"" - if you vote STRAIGHT REP, it votes ALL DEM (why is it never the other way aro… ",4360,5000,3647423237,angelinthepine
Tue Nov 08 20:01:21 +0000 2016,796080187259531264,Tue Nov 08 17:22:15 +0000 2016,796040147234148353,1341,93238,60488,710990834972233728,Always_Trump,"RT @Always_Trump: WARNING:  PA ""Machine Malfunctions"" - if you vote STRAIGHT REP, it votes ALL DEM (why is it never the other way aro… ",1237,1546,3721957513,kimwhocries
Tue Nov 08 20:01:34 +0000 2016,796080241722658817,Tue Nov 08 17:22:15 +0000 2016,796040147234148353,1342,93231,60483,710990834972233728,Always_Trump,"RT @Always_Trump: WARNING:  PA ""Machine Malfunctions"" - if you vote STRAIGHT REP, it votes ALL DEM (why is it never the other way aro… ",1427,4477,18680093,stokedonlife
Tue Nov 08 20:02:02 +0000 2016,796080359167229952,Tue Nov 08 17:22:15 +0000 2016,796040147234148353,1344,93240,60488,710990834972233728,Always_Trump,"RT @Always_Trump: WARNING:  PA ""Machine Malfunctions"" - if you vote STRAIGHT REP, it votes ALL DEM (why is it never the other way aro… ",188,199,3184454064,SassyPsycho
Tue Nov 08 20:02:09 +0000 2016,796080388888104961,Tue Nov 08 17:22:15 +0000 2016,796040147234148353,1345,93241,60488,710990834972233728,Always_Trump,"RT @Always_Trump: WARNING:  PA ""Machine Malfunctions"" - if you vote STRAIGHT REP, it votes ALL DEM (why is it never the other way aro… ",1172,1113,613507500,DDsaywhat
Tue Nov 08 20:02:11 +0000 2016,796080396698091521,Tue Nov 08 17:22:15 +0000 2016,796040147234148353,1346,93233,60483,710990834972233728,Always_Trump,"RT @Always_Trump: WARNING:  PA ""Machine Malfunctions"" - if you vote STRAIGHT REP, it votes ALL DEM (why is it never the other way aro… ",6103,5897,4510289232,PhdFor
Tue Nov 08 20:02:23 +0000 2016,796080448099254272,Tue Nov 08 17:22:15 +0000 2016,796040147234148353,1347,93233,60483,710990834972233728,Always_Trump,"RT @Always_Trump: WARNING:  PA ""Machine Malfunctions"" - if you vote STRAIGHT REP, it votes ALL DEM (why is it never the other way aro… ",1022,1275,549848213,KidCuellar
Tue Nov 08 20:02:57 +0000 2016,796080589447147520,Tue Nov 08 17:22:15 +0000 2016,796040147234148353,1352,93241,60488,710990834972233728,Always_Trump,"RT @Always_Trump: WARNING:  PA ""Machine Malfunctions"" - if you vote STRAIGHT REP, it votes ALL DEM (why is it never the other way aro… ",226,170,28067087,kakasia
Tue Nov 08 20:03:49 +0000 2016,796080808763293696,Tue Nov 08 17:22:15 +0000 2016,796040147234148353,1355,93233,60483,710990834972233728,Always_Trump,"RT @Always_Trump: WARNING:  PA ""Machine Malfunctions"" - if you vote STRAIGHT REP, it votes ALL DEM (why is it never the other way aro… ",2605,2451,21622754,alta247
Tue Nov 08 20:04:30 +0000 2016,796080979853115392,Tue Nov 08 17:22:15 +0000 2016,796040147234148353,1357,93235,60483,710990834972233728,Always_Trump,"RT @Always_Trump: WARNING:  PA ""Machine Malfunctions"" - if you vote STRAIGHT REP, it votes ALL DEM (why is it never the other way aro… ",831,619,252351846,tamkyn
Tue Nov 08 20:04:45 +0000 2016,796081042490675200,Tue Nov 08 17:22:15 +0000 2016,796040147234148353,1358,93243,60488,710990834972233728,Always_Trump,"RT @Always_Trump: WARNING:  PA ""Machine Malfunctions"" - if you vote STRAIGHT REP, it votes ALL DEM (why is it never the other way aro… ",884,859,2696939690,SemperVigilio
Tue Nov 08 20:08:19 +0000 2016,796081940021526528,Tue Nov 08 17:22:15 +0000 2016,796040147234148353,1366,93237,60483,710990834972233728,Always_Trump,"RT @Always_Trump: WARNING:  PA ""Machine Malfunctions"" - if you vote STRAIGHT REP, it votes ALL DEM (why is it never the other way aro… ",1133,891,442418860,conner_hobbs
Tue Nov 08 20:09:07 +0000 2016,796082141373284352,Tue Nov 08 17:22:15 +0000 2016,796040147234148353,1367,93238,60483,710990834972233728,Always_Trump,"RT @Always_Trump: WARNING:  PA ""Machine Malfunctions"" - if you vote STRAIGHT REP, it votes ALL DEM (why is it never the other way aro… ",1014,1864,786751443088748544,GasOperated300
Tue Nov 08 20:10:31 +0000 2016,796082493430648833,Tue Nov 08 17:22:15 +0000 2016,796040147234148353,1370,93239,60483,710990834972233728,Always_Trump,"RT @Always_Trump: WARNING:  PA ""Machine Malfunctions"" - if you vote STRAIGHT REP, it votes ALL DEM (why is it never the other way aro… ",932,562,1251672655,juanitamcope
Tue Nov 08 20:12:57 +0000 2016,796083107174772741,Tue Nov 08 17:22:15 +0000 2016,796040147234148353,1375,93243,60483,710990834972233728,Always_Trump,"RT @Always_Trump: WARNING:  PA ""Machine Malfunctions"" - if you vote STRAIGHT REP, it votes ALL DEM (why is it never the other way aro… ",1617,2381,3763644089,2Pats2
Tue Nov 08 20:13:35 +0000 2016,796083266163970048,Tue Nov 08 17:22:15 +0000 2016,796040147234148353,1380,93243,60483,710990834972233728,Always_Trump,"RT @Always_Trump: WARNING:  PA ""Machine Malfunctions"" - if you vote STRAIGHT REP, it votes ALL DEM (why is it never the other way aro… ",3877,4212,4890336327,PHO1962
Tue Nov 08 20:15:21 +0000 2016,796083710550544388,Tue Nov 08 17:22:15 +0000 2016,796040147234148353,1384,93248,60483,710990834972233728,Always_Trump,"RT @Always_Trump: WARNING:  PA ""Machine Malfunctions"" - if you vote STRAIGHT REP, it votes ALL DEM (why is it never the other way aro… ",171,269,4853488571,BethCarr20
Tue Nov 08 20:16:02 +0000 2016,796083882533781504,Tue Nov 08 17:22:15 +0000 2016,796040147234148353,1386,93249,60483,710990834972233728,Always_Trump,"RT @Always_Trump: WARNING:  PA ""Machine Malfunctions"" - if you vote STRAIGHT REP, it votes ALL DEM (why is it never the other way aro… ",5682,5849,3319254798,NoSurrender357
Tue Nov 08 20:17:30 +0000 2016,796084251565248512,Tue Nov 08 17:22:15 +0000 2016,796040147234148353,1393,93259,60488,710990834972233728,Always_Trump,"RT @Always_Trump: WARNING:  PA ""Machine Malfunctions"" - if you vote STRAIGHT REP, it votes ALL DEM (why is it never the other way aro… ",6541,6779,182606087,louis3288
Tue Nov 08 20:17:54 +0000 2016,796084351498915840,Tue Nov 08 17:22:15 +0000 2016,796040147234148353,1390,93253,60483,710990834972233728,Always_Trump,"RT @Always_Trump: WARNING:  PA ""Machine Malfunctions"" - if you vote STRAIGHT REP, it votes ALL DEM (why is it never the other way aro… ",1252,1961,571257698,Longhorn74BBA
Tue Nov 08 20:19:47 +0000 2016,796084826319286272,Tue Nov 08 17:22:15 +0000 2016,796040147234148353,1392,93258,60483,710990834972233728,Always_Trump,"RT @Always_Trump: WARNING:  PA ""Machine Malfunctions"" - if you vote STRAIGHT REP, it votes ALL DEM (why is it never the other way aro… ",2323,4999,4612659155,PatscsReese
Tue Nov 08 20:19:57 +0000 2016,796084865196118016,Tue Nov 08 17:22:15 +0000 2016,796040147234148353,1397,93266,60488,710990834972233728,Always_Trump,"RT @Always_Trump: WARNING:  PA ""Machine Malfunctions"" - if you vote STRAIGHT REP, it votes ALL DEM (why is it never the other way aro… ",462,577,88802656,retirement08
Tue Nov 08 20:21:15 +0000 2016,796085194985914368,Tue Nov 08 17:22:15 +0000 2016,796040147234148353,1400,93266,60488,710990834972233728,Always_Trump,"RT @Always_Trump: WARNING:  PA ""Machine Malfunctions"" - if you vote STRAIGHT REP, it votes ALL DEM (why is it never the other way aro… ",196,376,422790982,maze13131
Tue Nov 08 20:21:36 +0000 2016,796085283737497601,Tue Nov 08 17:22:15 +0000 2016,796040147234148353,1397,93258,60483,710990834972233728,Always_Trump,"RT @Always_Trump: WARNING:  PA ""Machine Malfunctions"" - if you vote STRAIGHT REP, it votes ALL DEM (why is it never the other way aro… ",1881,2935,74179515,Susiehs
Tue Nov 08 20:21:51 +0000 2016,796085347222491136,Tue Nov 08 17:22:15 +0000 2016,796040147234148353,1399,93258,60483,710990834972233728,Always_Trump,"RT @Always_Trump: WARNING:  PA ""Machine Malfunctions"" - if you vote STRAIGHT REP, it votes ALL DEM (why is it never the other way aro… ",31,62,56551757,gigi1109
Tue Nov 08 20:22:30 +0000 2016,796085510477377536,Tue Nov 08 17:22:15 +0000 2016,796040147234148353,1402,93258,60483,710990834972233728,Always_Trump,"RT @Always_Trump: WARNING:  PA ""Machine Malfunctions"" - if you vote STRAIGHT REP, it votes ALL DEM (why is it never the other way aro… ",536,718,2940190552,joan_e_adams
Tue Nov 08 20:22:54 +0000 2016,796085611182649345,Tue Nov 08 17:22:15 +0000 2016,796040147234148353,1404,93258,60483,710990834972233728,Always_Trump,"RT @Always_Trump: WARNING:  PA ""Machine Malfunctions"" - if you vote STRAIGHT REP, it votes ALL DEM (why is it never the other way aro… ",300,108,4256374693,JoelLT7
Tue Nov 08 20:22:59 +0000 2016,796085630841290757,Tue Nov 08 17:22:15 +0000 2016,796040147234148353,1405,93258,60483,710990834972233728,Always_Trump,"RT @Always_Trump: WARNING:  PA ""Machine Malfunctions"" - if you vote STRAIGHT REP, it votes ALL DEM (why is it never the other way aro… ",1226,1904,36730531,Mauvais_Fille
Tue Nov 08 20:23:14 +0000 2016,796085691713101824,Tue Nov 08 17:22:15 +0000 2016,796040147234148353,1409,93266,60488,710990834972233728,Always_Trump,"RT @Always_Trump: WARNING:  PA ""Machine Malfunctions"" - if you vote STRAIGHT REP, it votes ALL DEM (why is it never the other way aro… ",162,331,3733116913,eberstein_susan
Tue Nov 08 20:23:31 +0000 2016,796085762622164993,Tue Nov 08 17:22:15 +0000 2016,796040147234148353,1406,93258,60483,710990834972233728,Always_Trump,"RT @Always_Trump: WARNING:  PA ""Machine Malfunctions"" - if you vote STRAIGHT REP, it votes ALL DEM (why is it never the other way aro… ",572,388,509402545,Tyler_Maine_
Tue Nov 08 20:23:40 +0000 2016,796085803034308608,Tue Nov 08 17:22:15 +0000 2016,796040147234148353,1408,93259,60483,710990834972233728,Always_Trump,"RT @Always_Trump: WARNING:  PA ""Machine Malfunctions"" - if you vote STRAIGHT REP, it votes ALL DEM (why is it never the other way aro… ",342,563,750226469251485696,StellaParker333
Tue Nov 08 20:27:17 +0000 2016,796086714070601728,Tue Nov 08 17:22:15 +0000 2016,796040147234148353,1413,93263,60483,710990834972233728,Always_Trump,"RT @Always_Trump: WARNING:  PA ""Machine Malfunctions"" - if you vote STRAIGHT REP, it votes ALL DEM (why is it never the other way aro… ",60,203,3146523138,realhawkmash
Tue Nov 08 20:27:25 +0000 2016,796086747352350720,Tue Nov 08 17:22:15 +0000 2016,796040147234148353,1419,93271,60488,710990834972233728,Always_Trump,"RT @Always_Trump: WARNING:  PA ""Machine Malfunctions"" - if you vote STRAIGHT REP, it votes ALL DEM (why is it never the other way aro… ",1145,1373,1606480502,MaddieAdams75
Tue Nov 08 20:29:38 +0000 2016,796087305140404224,Tue Nov 08 17:22:15 +0000 2016,796040147234148353,1419,93261,60483,710990834972233728,Always_Trump,"RT @Always_Trump: WARNING:  PA ""Machine Malfunctions"" - if you vote STRAIGHT REP, it votes ALL DEM (why is it never the other way aro… ",93,227,781084310682079232,JaniceR90628646
Tue Nov 08 20:30:13 +0000 2016,796087451446112256,Tue Nov 08 17:22:15 +0000 2016,796040147234148353,1422,93261,60483,710990834972233728,Always_Trump,"RT @Always_Trump: WARNING:  PA ""Machine Malfunctions"" - if you vote STRAIGHT REP, it votes ALL DEM (why is it never the other way aro… ",265,514,183875464,golfsally
Tue Nov 08 20:31:12 +0000 2016,796087699669221376,Tue Nov 08 17:22:15 +0000 2016,796040147234148353,1424,93262,60483,710990834972233728,Always_Trump,"RT @Always_Trump: WARNING:  PA ""Machine Malfunctions"" - if you vote STRAIGHT REP, it votes ALL DEM (why is it never the other way aro… ",225,218,755992103235231744,swann_combs
Tue Nov 08 20:32:41 +0000 2016,796088072588980224,Tue Nov 08 17:22:15 +0000 2016,796040147234148353,1428,93264,60483,710990834972233728,Always_Trump,"RT @Always_Trump: WARNING:  PA ""Machine Malfunctions"" - if you vote STRAIGHT REP, it votes ALL DEM (why is it never the other way aro… ",726,891,3306548594,FanArmy1D
Tue Nov 08 20:32:51 +0000 2016,796088114959695872,Tue Nov 08 17:22:15 +0000 2016,796040147234148353,1433,93272,60488,710990834972233728,Always_Trump,"RT @Always_Trump: WARNING:  PA ""Machine Malfunctions"" - if you vote STRAIGHT REP, it votes ALL DEM (why is it never the other way aro… ",3374,5003,2418424520,moon_caputt
Tue Nov 08 20:33:39 +0000 2016,796088315619508224,Tue Nov 08 17:22:15 +0000 2016,796040147234148353,1430,93264,60483,710990834972233728,Always_Trump,"RT @Always_Trump: WARNING:  PA ""Machine Malfunctions"" - if you vote STRAIGHT REP, it votes ALL DEM (why is it never the other way aro… ",74,93,1296949218,ansano1964
Tue Nov 08 20:33:54 +0000 2016,796088379246948354,Tue Nov 08 17:22:15 +0000 2016,796040147234148353,1436,93272,60488,710990834972233728,Always_Trump,"RT @Always_Trump: WARNING:  PA ""Machine Malfunctions"" - if you vote STRAIGHT REP, it votes ALL DEM (why is it never the other way aro… ",6131,5947,26410248,crackenbob
Tue Nov 08 20:36:38 +0000 2016,796089066886463488,Tue Nov 08 17:22:15 +0000 2016,796040147234148353,1433,93267,60483,710990834972233728,Always_Trump,"RT @Always_Trump: WARNING:  PA ""Machine Malfunctions"" - if you vote STRAIGHT REP, it votes ALL DEM (why is it never the other way aro… ",688,476,475354335,EzTheKid
Tue Nov 08 20:38:04 +0000 2016,796089427114258433,Tue Nov 08 17:22:15 +0000 2016,796040147234148353,1434,93268,60483,710990834972233728,Always_Trump,"RT @Always_Trump: WARNING:  PA ""Machine Malfunctions"" - if you vote STRAIGHT REP, it votes ALL DEM (why is it never the other way aro… ",136,208,763462117982924800,Drumhilda1
Tue Nov 08 20:38:35 +0000 2016,796089557229834240,Tue Nov 08 17:22:15 +0000 2016,796040147234148353,1440,93276,60488,710990834972233728,Always_Trump,"RT @Always_Trump: WARNING:  PA ""Machine Malfunctions"" - if you vote STRAIGHT REP, it votes ALL DEM (why is it never the other way aro… ",295,383,703683102493831168,ElisaDonahue
Tue Nov 08 20:38:44 +0000 2016,796089595746254848,Tue Nov 08 17:22:15 +0000 2016,796040147234148353,1437,93269,60483,710990834972233728,Always_Trump,"RT @Always_Trump: WARNING:  PA ""Machine Malfunctions"" - if you vote STRAIGHT REP, it votes ALL DEM (why is it never the other way aro… ",253,97,785896490497613825,RyanResign
Tue Nov 08 20:38:56 +0000 2016,796089645679316992,Tue Nov 08 17:22:15 +0000 2016,796040147234148353,1442,93277,60488,710990834972233728,Always_Trump,"RT @Always_Trump: WARNING:  PA ""Machine Malfunctions"" - if you vote STRAIGHT REP, it votes ALL DEM (why is it never the other way aro… ",1428,1554,745415970194264064,LoriNor85730053
Tue Nov 08 20:39:10 +0000 2016,796089703435038726,Tue Nov 08 17:22:15 +0000 2016,796040147234148353,1439,93269,60483,710990834972233728,Always_Trump,"RT @Always_Trump: WARNING:  PA ""Machine Malfunctions"" - if you vote STRAIGHT REP, it votes ALL DEM (why is it never the other way aro… ",1228,796,759763645534314496,AmerPride777
Tue Nov 08 20:43:15 +0000 2016,796090728841515008,Tue Nov 08 17:22:15 +0000 2016,796040147234148353,1447,93280,60488,710990834972233728,Always_Trump,"RT @Always_Trump: WARNING:  PA ""Machine Malfunctions"" - if you vote STRAIGHT REP, it votes ALL DEM (why is it never the other way aro… ",1129,907,154979522,LifeEternal4U
Tue Nov 08 20:46:25 +0000 2016,796091525553717248,Tue Nov 08 17:22:15 +0000 2016,796040147234148353,1452,93287,60488,710990834972233728,Always_Trump,"RT @Always_Trump: WARNING:  PA ""Machine Malfunctions"" - if you vote STRAIGHT REP, it votes ALL DEM (why is it never the other way aro… ",297,1751,3148565408,Jaydub5425
Tue Nov 08 20:50:39 +0000 2016,796092594572918784,Tue Nov 08 17:22:15 +0000 2016,796040147234148353,1453,93284,60483,710990834972233728,Always_Trump,"RT @Always_Trump: WARNING:  PA ""Machine Malfunctions"" - if you vote STRAIGHT REP, it votes ALL DEM (why is it never the other way aro… ",161,174,765196303160737793,American557863
Tue Nov 08 20:51:02 +0000 2016,796092691188711424,Tue Nov 08 17:22:15 +0000 2016,796040147234148353,1456,93286,60483,710990834972233728,Always_Trump,"RT @Always_Trump: WARNING:  PA ""Machine Malfunctions"" - if you vote STRAIGHT REP, it votes ALL DEM (why is it never the other way aro… ",995,474,407821877,oodomakes3
Tue Nov 08 20:51:11 +0000 2016,796092728438177792,Tue Nov 08 17:22:15 +0000 2016,796040147234148353,1461,93294,60488,710990834972233728,Always_Trump,"RT @Always_Trump: WARNING:  PA ""Machine Malfunctions"" - if you vote STRAIGHT REP, it votes ALL DEM (why is it never the other way aro… ",77,7,2802018084,mmtiff4_mark
Tue Nov 08 20:51:36 +0000 2016,796092830473031680,Tue Nov 08 17:22:15 +0000 2016,796040147234148353,1462,93294,60488,710990834972233728,Always_Trump,"RT @Always_Trump: WARNING:  PA ""Machine Malfunctions"" - if you vote STRAIGHT REP, it votes ALL DEM (why is it never the other way aro… ",163,64,704233324395368448,taleofterrier
Tue Nov 08 20:56:53 +0000 2016,796094162399588352,Tue Nov 08 17:22:15 +0000 2016,796040147234148353,1463,93295,60483,710990834972233728,Always_Trump,"RT @Always_Trump: WARNING:  PA ""Machine Malfunctions"" - if you vote STRAIGHT REP, it votes ALL DEM (why is it never the other way aro… ",198,116,702477697696473088,badmike72
Tue Nov 08 20:57:35 +0000 2016,796094339311108096,Tue Nov 08 17:22:15 +0000 2016,796040147234148353,1464,93295,60483,710990834972233728,Always_Trump,"RT @Always_Trump: WARNING:  PA ""Machine Malfunctions"" - if you vote STRAIGHT REP, it votes ALL DEM (why is it never the other way aro… ",664,1041,1576622209,ArodStraus
Tue Nov 08 21:02:40 +0000 2016,796095618884235264,Tue Nov 08 17:22:15 +0000 2016,796040147234148353,1467,93297,60483,710990834972233728,Always_Trump,"RT @Always_Trump: WARNING:  PA ""Machine Malfunctions"" - if you vote STRAIGHT REP, it votes ALL DEM (why is it never the other way aro… ",728,256,4692195031,BugsbJr
Tue Nov 08 21:05:28 +0000 2016,796096322554232832,Tue Nov 08 17:22:15 +0000 2016,796040147234148353,1468,93298,60483,710990834972233728,Always_Trump,"RT @Always_Trump: WARNING:  PA ""Machine Malfunctions"" - if you vote STRAIGHT REP, it votes ALL DEM (why is it never the other way aro… ",29557,28781,461145224,snikpmis
Tue Nov 08 21:15:46 +0000 2016,796098914369896452,Tue Nov 08 17:22:15 +0000 2016,796040147234148353,1477,93322,60481,710990834972233728,Always_Trump,"RT @Always_Trump: WARNING:  PA ""Machine Malfunctions"" - if you vote STRAIGHT REP, it votes ALL DEM (why is it never the other way aro… ",8593,3243,27839828,MikkiL
Tue Nov 08 21:24:38 +0000 2016,796101146444185600,Tue Nov 08 17:22:15 +0000 2016,796040147234148353,1482,93330,60481,710990834972233728,Always_Trump,"RT @Always_Trump: WARNING:  PA ""Machine Malfunctions"" - if you vote STRAIGHT REP, it votes ALL DEM (why is it never the other way aro… ",7583,5941,1725530989,michelleaukamp
Tue Nov 08 21:25:09 +0000 2016,796101276559933440,Tue Nov 08 17:22:15 +0000 2016,796040147234148353,1483,93330,60481,710990834972233728,Always_Trump,"RT @Always_Trump: WARNING:  PA ""Machine Malfunctions"" - if you vote STRAIGHT REP, it votes ALL DEM (why is it never the other way aro… ",501,493,396842716,seymasea
Tue Nov 08 21:27:34 +0000 2016,796101884620763141,Tue Nov 08 17:22:15 +0000 2016,796040147234148353,1488,93331,60481,710990834972233728,Always_Trump,"RT @Always_Trump: WARNING:  PA ""Machine Malfunctions"" - if you vote STRAIGHT REP, it votes ALL DEM (why is it never the other way aro… ",483,1041,2766511591,politicallord
Tue Nov 08 21:30:04 +0000 2016,796102513564872704,Tue Nov 08 17:22:15 +0000 2016,796040147234148353,1495,93333,60483,710990834972233728,Always_Trump,"RT @Always_Trump: WARNING:  PA ""Machine Malfunctions"" - if you vote STRAIGHT REP, it votes ALL DEM (why is it never the other way aro… ",32429,32692,745591364,LeRouxNel
Tue Nov 08 21:31:02 +0000 2016,796102756402597888,Tue Nov 08 17:22:15 +0000 2016,796040147234148353,1493,93332,60481,710990834972233728,Always_Trump,"RT @Always_Trump: WARNING:  PA ""Machine Malfunctions"" - if you vote STRAIGHT REP, it votes ALL DEM (why is it never the other way aro… ",2028,1997,372011009,vicnanc
Tue Nov 08 21:31:04 +0000 2016,796102765013569536,Tue Nov 08 17:22:15 +0000 2016,796040147234148353,1494,93332,60481,710990834972233728,Always_Trump,"RT @Always_Trump: WARNING:  PA ""Machine Malfunctions"" - if you vote STRAIGHT REP, it votes ALL DEM (why is it never the other way aro… ",1511,690,45574526,nochangeplease
Tue Nov 08 21:32:59 +0000 2016,796103247194886144,Tue Nov 08 17:22:15 +0000 2016,796040147234148353,1497,93333,60481,710990834972233728,Always_Trump,"RT @Always_Trump: WARNING:  PA ""Machine Malfunctions"" - if you vote STRAIGHT REP, it votes ALL DEM (why is it never the other way aro… ",6710,6363,2179916998,mommags2579
Tue Nov 08 21:34:20 +0000 2016,796103584425226240,Tue Nov 08 17:22:15 +0000 2016,796040147234148353,1502,93336,60483,710990834972233728,Always_Trump,"RT @Always_Trump: WARNING:  PA ""Machine Malfunctions"" - if you vote STRAIGHT REP, it votes ALL DEM (why is it never the other way aro… ",14094,1549,2764631099,Stello_Official
Tue Nov 08 21:34:50 +0000 2016,796103710065754116,Tue Nov 08 17:22:15 +0000 2016,796040147234148353,1500,93333,60481,710990834972233728,Always_Trump,"RT @Always_Trump: WARNING:  PA ""Machine Malfunctions"" - if you vote STRAIGHT REP, it votes ALL DEM (why is it never the other way aro… ",1836,2185,217137252,podod12
Tue Nov 08 21:35:28 +0000 2016,796103872548864000,Tue Nov 08 17:22:15 +0000 2016,796040147234148353,1501,93333,60481,710990834972233728,Always_Trump,"RT @Always_Trump: WARNING:  PA ""Machine Malfunctions"" - if you vote STRAIGHT REP, it votes ALL DEM (why is it never the other way aro… ",753,1335,705408746705559552,CulpepperColin
Tue Nov 08 21:37:08 +0000 2016,796104292365172736,Tue Nov 08 17:22:15 +0000 2016,796040147234148353,1503,93335,60481,710990834972233728,Always_Trump,"RT @Always_Trump: WARNING:  PA ""Machine Malfunctions"" - if you vote STRAIGHT REP, it votes ALL DEM (why is it never the other way aro… ",123,89,4776405689,KiishaVelasquez
Tue Nov 08 21:39:35 +0000 2016,796104908734767104,Tue Nov 08 17:22:15 +0000 2016,796040147234148353,1515,93338,60483,710990834972233728,Always_Trump,"RT @Always_Trump: WARNING:  PA ""Machine Malfunctions"" - if you vote STRAIGHT REP, it votes ALL DEM (why is it never the other way aro… ",36,106,280330911,phdgypsy
Tue Nov 08 21:39:44 +0000 2016,796104946487873537,Tue Nov 08 17:22:15 +0000 2016,796040147234148353,1512,93336,60481,710990834972233728,Always_Trump,"RT @Always_Trump: WARNING:  PA ""Machine Malfunctions"" - if you vote STRAIGHT REP, it votes ALL DEM (why is it never the other way aro… ",616,870,2559756184,dragonsfire04
Tue Nov 08 21:40:33 +0000 2016,796105148741406720,Tue Nov 08 17:22:15 +0000 2016,796040147234148353,1515,93338,60481,710990834972233728,Always_Trump,"RT @Always_Trump: WARNING:  PA ""Machine Malfunctions"" - if you vote STRAIGHT REP, it votes ALL DEM (why is it never the other way aro… ",1555,2137,1033657903,TrueSoulution
Tue Nov 08 21:41:38 +0000 2016,796105424890007552,Tue Nov 08 17:22:15 +0000 2016,796040147234148353,1522,93343,60483,710990834972233728,Always_Trump,"RT @Always_Trump: WARNING:  PA ""Machine Malfunctions"" - if you vote STRAIGHT REP, it votes ALL DEM (why is it never the other way aro… ",5977,1591,2410379587,activator_n
Tue Nov 08 21:41:43 +0000 2016,796105446012678144,Tue Nov 08 17:22:15 +0000 2016,796040147234148353,1519,93341,60481,710990834972233728,Always_Trump,"RT @Always_Trump: WARNING:  PA ""Machine Malfunctions"" - if you vote STRAIGHT REP, it votes ALL DEM (why is it never the other way aro… ",11261,406,3361152821,hateful_heretic
Tue Nov 08 21:42:14 +0000 2016,796105575184502784,Tue Nov 08 17:22:15 +0000 2016,796040147234148353,1524,93343,60483,710990834972233728,Always_Trump,"RT @Always_Trump: WARNING:  PA ""Machine Malfunctions"" - if you vote STRAIGHT REP, it votes ALL DEM (why is it never the other way aro… ",121,643,744902624,VonSchakelhoff
Tue Nov 08 21:43:18 +0000 2016,796105843762728961,Tue Nov 08 17:22:15 +0000 2016,796040147234148353,1524,93342,60481,710990834972233728,Always_Trump,"RT @Always_Trump: WARNING:  PA ""Machine Malfunctions"" - if you vote STRAIGHT REP, it votes ALL DEM (why is it never the other way aro… ",2812,4978,2934033061,0d74125c047c43b
Tue Nov 08 21:43:42 +0000 2016,796105944396681218,Tue Nov 08 17:22:15 +0000 2016,796040147234148353,1525,93344,60481,710990834972233728,Always_Trump,"RT @Always_Trump: WARNING:  PA ""Machine Malfunctions"" - if you vote STRAIGHT REP, it votes ALL DEM (why is it never the other way aro… ",2,107,4180919812,MieczyslawNocul
Tue Nov 08 21:45:44 +0000 2016,796106456814620672,Tue Nov 08 17:22:15 +0000 2016,796040147234148353,1533,93347,60483,710990834972233728,Always_Trump,"RT @Always_Trump: WARNING:  PA ""Machine Malfunctions"" - if you vote STRAIGHT REP, it votes ALL DEM (why is it never the other way aro… ",432,390,4911342745,Smokey91199
Tue Nov 08 21:46:12 +0000 2016,796106573730828288,Tue Nov 08 17:22:15 +0000 2016,796040147234148353,1534,93349,60483,710990834972233728,Always_Trump,"RT @Always_Trump: WARNING:  PA ""Machine Malfunctions"" - if you vote STRAIGHT REP, it votes ALL DEM (why is it never the other way aro… ",374,527,892395486,fast98dodge
Tue Nov 08 21:46:27 +0000 2016,796106637031317504,Tue Nov 08 17:22:15 +0000 2016,796040147234148353,1535,93350,60483,710990834972233728,Always_Trump,"RT @Always_Trump: WARNING:  PA ""Machine Malfunctions"" - if you vote STRAIGHT REP, it votes ALL DEM (why is it never the other way aro… ",3596,2944,524329211,MCTStJames
Tue Nov 08 21:46:36 +0000 2016,796106674645803008,Tue Nov 08 17:22:15 +0000 2016,796040147234148353,1536,93351,60483,710990834972233728,Always_Trump,"RT @Always_Trump: WARNING:  PA ""Machine Malfunctions"" - if you vote STRAIGHT REP, it votes ALL DEM (why is it never the other way aro… ",169,612,2208091687,jennwalker90
Tue Nov 08 21:50:19 +0000 2016,796107610017636353,Tue Nov 08 17:22:15 +0000 2016,796040147234148353,1541,93351,60481,710990834972233728,Always_Trump,"RT @Always_Trump: WARNING:  PA ""Machine Malfunctions"" - if you vote STRAIGHT REP, it votes ALL DEM (why is it never the other way aro… ",7,23,786339770628571136,evollonian
Tue Nov 08 21:52:52 +0000 2016,796108251511357441,Tue Nov 08 17:22:15 +0000 2016,796040147234148353,1546,93353,60481,710990834972233728,Always_Trump,"RT @Always_Trump: WARNING:  PA ""Machine Malfunctions"" - if you vote STRAIGHT REP, it votes ALL DEM (why is it never the other way aro… ",1297,2030,256630145,donjackson2003
Tue Nov 08 21:54:27 +0000 2016,796108649772896256,Tue Nov 08 17:22:15 +0000 2016,796040147234148353,1552,93355,60483,710990834972233728,Always_Trump,"RT @Always_Trump: WARNING:  PA ""Machine Malfunctions"" - if you vote STRAIGHT REP, it votes ALL DEM (why is it never the other way aro… ",71,98,726884433932881920,BookersGuy
Tue Nov 08 21:56:32 +0000 2016,796109174845247490,Tue Nov 08 17:22:15 +0000 2016,796040147234148353,1557,93356,60483,710990834972233728,Always_Trump,"RT @Always_Trump: WARNING:  PA ""Machine Malfunctions"" - if you vote STRAIGHT REP, it votes ALL DEM (why is it never the other way aro… ",2783,3862,3025408450,MartinCartermc3
Tue Nov 08 21:56:58 +0000 2016,796109282911649792,Tue Nov 08 17:22:15 +0000 2016,796040147234148353,1555,93355,60481,710990834972233728,Always_Trump,"RT @Always_Trump: WARNING:  PA ""Machine Malfunctions"" - if you vote STRAIGHT REP, it votes ALL DEM (why is it never the other way aro… ",565,410,209964234,PoliticalCaptn
Tue Nov 08 21:59:30 +0000 2016,796109921284657152,Tue Nov 08 17:22:15 +0000 2016,796040147234148353,1556,93356,60481,710990834972233728,Always_Trump,"RT @Always_Trump: WARNING:  PA ""Machine Malfunctions"" - if you vote STRAIGHT REP, it votes ALL DEM (why is it never the other way aro… ",334,955,318644881,JNooz87
Tue Nov 08 22:03:10 +0000 2016,796110840416104448,Tue Nov 08 17:22:15 +0000 2016,796040147234148353,1559,93362,60478,710990834972233728,Always_Trump,"RT @Always_Trump: WARNING:  PA ""Machine Malfunctions"" - if you vote STRAIGHT REP, it votes ALL DEM (why is it never the other way aro… ",184,701,78347101,JoanMMS
Tue Nov 08 22:13:47 +0000 2016,796113514913992704,Tue Nov 08 17:22:15 +0000 2016,796040147234148353,1560,93372,60478,710990834972233728,Always_Trump,"RT @Always_Trump: WARNING:  PA ""Machine Malfunctions"" - if you vote STRAIGHT REP, it votes ALL DEM (why is it never the other way aro… ",14473,107,4387252535,ReverseNumb
Tue Nov 08 22:13:57 +0000 2016,796113557758754816,Tue Nov 08 17:22:15 +0000 2016,796040147234148353,1565,93372,60482,710990834972233728,Always_Trump,"RT @Always_Trump: WARNING:  PA ""Machine Malfunctions"" - if you vote STRAIGHT REP, it votes ALL DEM (why is it never the other way aro… ",275,325,714672556029132800,librajustice22
Tue Nov 08 22:14:57 +0000 2016,796113809010257921,Tue Nov 08 17:22:15 +0000 2016,796040147234148353,1563,93373,60478,710990834972233728,Always_Trump,"RT @Always_Trump: WARNING:  PA ""Machine Malfunctions"" - if you vote STRAIGHT REP, it votes ALL DEM (why is it never the other way aro… ",194,384,2862028996,tinamarie918
Tue Nov 08 22:19:57 +0000 2016,796115064248037381,Tue Nov 08 17:22:15 +0000 2016,796040147234148353,1565,93373,60478,710990834972233728,Always_Trump,"RT @Always_Trump: WARNING:  PA ""Machine Malfunctions"" - if you vote STRAIGHT REP, it votes ALL DEM (why is it never the other way aro… ",1008,4998,729612840303235073,nickmazza7
Tue Nov 08 22:21:29 +0000 2016,796115450916704256,Tue Nov 08 17:22:15 +0000 2016,796040147234148353,1568,93374,60478,710990834972233728,Always_Trump,"RT @Always_Trump: WARNING:  PA ""Machine Malfunctions"" - if you vote STRAIGHT REP, it votes ALL DEM (why is it never the other way aro… ",54,154,119168685,tbeaux29
Tue Nov 08 22:23:33 +0000 2016,796115970419003392,Tue Nov 08 17:22:15 +0000 2016,796040147234148353,1570,93375,60478,710990834972233728,Always_Trump,"RT @Always_Trump: WARNING:  PA ""Machine Malfunctions"" - if you vote STRAIGHT REP, it votes ALL DEM (why is it never the other way aro… ",130,648,2744842569,scottybabey
Tue Nov 08 22:28:10 +0000 2016,796117134686515200,Tue Nov 08 17:22:15 +0000 2016,796040147234148353,1571,93381,60478,710990834972233728,Always_Trump,"RT @Always_Trump: WARNING:  PA ""Machine Malfunctions"" - if you vote STRAIGHT REP, it votes ALL DEM (why is it never the other way aro… ",25,145,258719331,Charffeur
Tue Nov 08 22:34:26 +0000 2016,796118708888473600,Tue Nov 08 17:22:15 +0000 2016,796040147234148353,1573,93384,60478,710990834972233728,Always_Trump,"RT @Always_Trump: WARNING:  PA ""Machine Malfunctions"" - if you vote STRAIGHT REP, it votes ALL DEM (why is it never the other way aro… ",72,48,2237957448,jukubi513
Tue Nov 08 22:36:57 +0000 2016,796119346082906112,Tue Nov 08 17:22:15 +0000 2016,796040147234148353,1576,93386,60478,710990834972233728,Always_Trump,"RT @Always_Trump: WARNING:  PA ""Machine Malfunctions"" - if you vote STRAIGHT REP, it votes ALL DEM (why is it never the other way aro… ",61,69,158575399,satch367
Tue Nov 08 22:40:27 +0000 2016,796120226211528704,Tue Nov 08 17:22:15 +0000 2016,796040147234148353,1579,93387,60478,710990834972233728,Always_Trump,"RT @Always_Trump: WARNING:  PA ""Machine Malfunctions"" - if you vote STRAIGHT REP, it votes ALL DEM (why is it never the other way aro… ",92,67,4363087155,LarryEsposito66
Tue Nov 08 22:49:35 +0000 2016,796122525189160960,Tue Nov 08 17:22:15 +0000 2016,796040147234148353,1585,93392,60478,710990834972233728,Always_Trump,"RT @Always_Trump: WARNING:  PA ""Machine Malfunctions"" - if you vote STRAIGHT REP, it votes ALL DEM (why is it never the other way aro… ",289,296,28358777,hanoyan
Tue Nov 08 22:49:51 +0000 2016,796122592134434817,Tue Nov 08 17:22:15 +0000 2016,796040147234148353,1586,93392,60478,710990834972233728,Always_Trump,"RT @Always_Trump: WARNING:  PA ""Machine Malfunctions"" - if you vote STRAIGHT REP, it votes ALL DEM (why is it never the other way aro… ",13751,14005,72717549,SassyPantsjj
Tue Nov 08 22:56:12 +0000 2016,796124189702975488,Tue Nov 08 17:22:15 +0000 2016,796040147234148353,1587,93394,60478,710990834972233728,Always_Trump,"RT @Always_Trump: WARNING:  PA ""Machine Malfunctions"" - if you vote STRAIGHT REP, it votes ALL DEM (why is it never the other way aro… ",15599,15164,58869220,Jim_Peoples_
Tue Nov 08 22:56:47 +0000 2016,796124334284750848,Tue Nov 08 17:22:15 +0000 2016,796040147234148353,1588,93394,60478,710990834972233728,Always_Trump,"RT @Always_Trump: WARNING:  PA ""Machine Malfunctions"" - if you vote STRAIGHT REP, it votes ALL DEM (why is it never the other way aro… ",781,1042,137468455,luminark
Tue Nov 08 22:57:16 +0000 2016,796124458180341760,Tue Nov 08 17:22:15 +0000 2016,796040147234148353,1589,93394,60478,710990834972233728,Always_Trump,"RT @Always_Trump: WARNING:  PA ""Machine Malfunctions"" - if you vote STRAIGHT REP, it votes ALL DEM (why is it never the other way aro… ",7453,7325,570816898,DclareDiane
Tue Nov 08 23:13:00 +0000 2016,796128416395382784,Tue Nov 08 17:22:15 +0000 2016,796040147234148353,1599,93403,60478,710990834972233728,Always_Trump,"RT @Always_Trump: WARNING:  PA ""Machine Malfunctions"" - if you vote STRAIGHT REP, it votes ALL DEM (why is it never the other way aro… ",479,756,83767336,MrRandysgirl
Tue Nov 08 23:16:39 +0000 2016,796129333941256194,Tue Nov 08 17:22:15 +0000 2016,796040147234148353,1601,93404,60480,710990834972233728,Always_Trump,"RT @Always_Trump: WARNING:  PA ""Machine Malfunctions"" - if you vote STRAIGHT REP, it votes ALL DEM (why is it never the other way aro… ",458,493,2250377624,mctomkat873
Tue Nov 08 23:22:49 +0000 2016,796130887612203009,Tue Nov 08 17:22:15 +0000 2016,796040147234148353,1604,93407,60480,710990834972233728,Always_Trump,"RT @Always_Trump: WARNING:  PA ""Machine Malfunctions"" - if you vote STRAIGHT REP, it votes ALL DEM (why is it never the other way aro… ",110,156,250629675,kasaub2005
Tue Nov 08 23:23:53 +0000 2016,796131157247164417,Tue Nov 08 17:22:15 +0000 2016,796040147234148353,1605,93407,60480,710990834972233728,Always_Trump,"RT @Always_Trump: WARNING:  PA ""Machine Malfunctions"" - if you vote STRAIGHT REP, it votes ALL DEM (why is it never the other way aro… ",178,251,470680963,GAslide
Tue Nov 08 23:28:18 +0000 2016,796132268167360516,Tue Nov 08 17:22:15 +0000 2016,796040147234148353,1607,93408,60480,710990834972233728,Always_Trump,"RT @Always_Trump: WARNING:  PA ""Machine Malfunctions"" - if you vote STRAIGHT REP, it votes ALL DEM (why is it never the other way aro… ",231,162,3312887581,patrickburkett9
Tue Nov 08 23:29:14 +0000 2016,796132502603632643,Tue Nov 08 17:22:15 +0000 2016,796040147234148353,1609,93409,60481,710990834972233728,Always_Trump,"RT @Always_Trump: WARNING:  PA ""Machine Malfunctions"" - if you vote STRAIGHT REP, it votes ALL DEM (why is it never the other way aro… ",3075,3203,81192266,fergiedurgish
Tue Nov 08 23:31:30 +0000 2016,796133074039881729,Tue Nov 08 17:22:15 +0000 2016,796040147234148353,1611,93412,60480,710990834972233728,Always_Trump,"RT @Always_Trump: WARNING:  PA ""Machine Malfunctions"" - if you vote STRAIGHT REP, it votes ALL DEM (why is it never the other way aro… ",2286,1554,1114205983,lorac22allen
Tue Nov 08 23:32:09 +0000 2016,796133236019777539,Tue Nov 08 17:22:15 +0000 2016,796040147234148353,1612,93414,60480,710990834972233728,Always_Trump,"RT @Always_Trump: WARNING:  PA ""Machine Malfunctions"" - if you vote STRAIGHT REP, it votes ALL DEM (why is it never the other way aro… ",604,2403,55518170,AnkitaMis
